7
17007
521
45423
701
691
8703
7726
3380
99861
601
3
4842
7
199
321
930
336
55
5
48
517
71960
19542
6
49365
4
1453
36
3
2
4
4964
672
86
35067
56
44
58
5732
7564
6
4
791
6
4691
24253
3731
67673
9
117
537
16051
940
1
34
72
4
27
35
9
6015
87
3339
69245
16917
2682
6950
97
73
204
323
967
135
5977
6259
4424
4
7
5962
34603
63422
31664
10720
65
205
9
684
1215
97349
9
7930
53
479
4477
91
322
5
20401
78
366
79220
8306
760
4
44762
420
3485
7933
653
21
43743
67131
356
266
80
63723
45030
2
64128
19909
2840
45820
2726
4
60
92665
6
59877
34
35
54
7812
41834
45
74
69601
1217
8235
992
43696
1
903
3243
19772
73597
38
909
2
72
98
18980
7
5067
8967
53586
619
67
96548
754
594
87981
3
76624
996
3
8
27
575
39
16812
64244
10553
1
81
8
670
8
9145
5
4
4
8309
7
87720
472
49117
7837
2638
11307
9
400
91
9
1
27
240
9
29
77395
48202
23
999
55
3813
714
9678
5
94030
17995
6653
4891
406
6223
93510
7
69457
29256
89123
418
48927
100
31042
78
5
1
881
2
418
3252
77706
353
5181
63
856
17
21930
8150
47
62
17230
3
875
3
37544
800
3645
1176
4818
10191
4
6
3
87
4597
4
58
12
88
4
10482
8648
9345
8
59370
94
602
28
83
857
4237
1
77228
5597
49723
29
7
2
3
63
5
2
43
334
4419
6
14
27634
80
8905
4
72946
793
565
629
8
3054
56362
9265
156
8
67136
800
54114
40
558
18117
1
6
46814
15246
73979
22
2
533
86
98
6413
4612
7186
89
1788
5054
38766
417
239
6138
69
10
7
3
9355
1907
36
2867
6299
44
9096
10511
229
70
7140
83202
918
1
4
151
7
21
3219
4
1
4
63
89419
92
38
2107
71
75
187
848
3871
9581
625
176
6
30
207
2
6
671
515
20
7
7
49
587
8
5
65
30443
29
93873
23200
8
44
69
325
77
4
35605
8
97
110
7951
831
24498
710
2
93826
52097
31105
5
30630
24
4
558
94
64284
27493
5
10461
3471
6
1
5851
4927
466
43
45926
45
4725
705
44
442
35361
2
34308
6123
5270
98796
4619
29918
1302
8121
2
343
7228
53801
7406
2
23
2325
58396
569
869
5012
6949
78
54601
45
7
54
984
331
97959
1686
666
410
8
41897
3
870
36
936
9
85256
3130
1405
74229
4
555
41624
19
5
93
633
7001
8376
8
1688
76
87810
36641
5
48
80
628
143
6
625
42481
6545
27150
246
68836
66
864
12
1350
2027
689
33514
47852
4
161
65
59090
41
1
918
8539
105
99
3365
8119
56941
8
89095
50
5
63
42
39833
25552
9912
703
40105
34
3429
10893
69017
62115
5
2
48
95679
9425
8
195
43598
15662
28
2483
925
66212
380
487
22413
32
76
9135
70
1
87
26
191
88
35963
7
6510
42392
1
4511
7862
9
694
9356
9
7495
8663
5987
1318
14
684
46859
41
3
2
12798
2101
17
84
5
7
89
9
8
94
51
62467
6
97965
2156
90
5
25
10360
282
64
19
7
14
225
60884
8
393
438
965
13
5021
40
570
89
396
8905
90264
95070
633
1886
2
45803
750
50
96689
335
2
795
672
3441
33541
196
392
4854
8
386
9
479
5794
48450
64
611
810
5044
5408
4844
2453
99837
20272
33
201
91555
10251
58886
3
5
3722
6
2575
63
791
2977
802
659
98515
99
48
79713
6
425
99844
1597
88
5202
1710
11438
9
3
877
9905
54
8237
89
742
61372
356
98
2806
26069
5
438
5
62
78
2994
6164
31318
62
16
472
3180
3
1
696
1452
329
138
1988
9
3429
61138
16122
92
223
8049
3916
9
60907
2
61
1
22
328
19
3521
3
126
6934
36121
862
95174
5060
5073
69
1
6
7
6
290
750
5874
53
4691
313
367
4
8659
920
64967
2
881
2
279
32506
219
10564
453
4929
20
4
9
89
6
19375
53218
259
920
3
1593
5
219
57
62
833
8105
72
66
2
5047
8
18
6885
362
77
715
34
45504
505
30791
90184
735
55
95788
4292
7669
10604
7710
33
9004
42
36363
97
347
233
1
5
53545
188
71616
70
33
30911
12459
67082
3318
8381
42353
2
938
364
839
52728
1893
1007
7891
82563
57
1527
7576
2
39
516
52
60
7
535
868
5
27564
757
97608
3599
19886
887
68867
242
28
769
325
988
55
9
22
70
6307
6550
7
68983
3
81
1596
9
880
598
366
818
8
9631
72573
39
4200
45519
5
4
91297
52280
29
551
4901
163
93753
7441
724
26412
40414
4659
67651
33382
6
41
38122
57924
9
7244
35
280
24
838
726
655
82
70842
179
8265
480
1054
91749
740
13425
6884
930
1705
82
6899
3
740
1766
18601
17207
8704
18489
5741
8
71
8
782
59
72314
58
7
385
9535
6560
75986
20
8
2773
76
5
24
4
1
4536
2
54
78
27
72
6082
51
996
94210
7
1578
7
217
76021
28141
85572
2819
1564
8739
8783
9892
48
68
210
22
850
81
393
2783
77103
23
3
70
1
904
9164
3109
78126
9
72287
85552
53292
24
79
60767
5
512
68859
30665
7793
61
4212
7
6
2
159
315
93527
49190
66967
38879
88
5
8671
11
66
88
6
615
359
513
2
2803
68708
6
878
29
19633
96342
356
7
45943
840
3
16287
3
39
2
3
1
62
48339
426
616
7
5134
27610
5
826
50321
37
946
2
80
4
404
726
12595
9136
83
31
30
832
26226
1
1810
88
93771
46
3
984
10
9
27
27738
860
2
334
4
1
48218
17
323
397
365
6508
2
66
672
775
15757
53
31
43026
6624
95
35
11595
5347
7009
223
1217
6070
1589
887
26283
57765
6
63
35
2966
6
7
3
56
1
830
803
4
525
9
6
91
2
54
6
4512
8973
42
69
8
43358
187
661
2029
1
40269
58
23310
87
8751
89326
1832
47
72554
53
52
2
33
17079
85502
438
654
6
4
760
1326
3
25029
1384
5
4126
3
7
16
727
61
261
4681
9087
1406
5
3
52348
71196
39
49482
604
650
826
25948
63
8
70
4
583
3
700
1
6
746
1803
24016
26
16236
3
398
8
58776
6018
810
92
45396
459
2
39
107
74
436
3775
439
8838
8
179
27898
2
3
6
508
7
4
5717
4
96
86973
68
3
53680
76
236
935
1
93754
370
143
562
24976
355
6
816
25
338
1190
524
83
11
8
2
2604
1
324
330
947
609
42958
772
63758
64136
69
3
9
9
5675
64137
489
5
4
87
883
799
152
452
30213
351
7
15
311
9309
62646
88
71186
32212
6519
64292
1
3729
7826
89
73
381
19
4
54274
7005
1154
391
4
191
72203
24
8
95376
30
7
25195
42
47
3759
551
833
83364
64
94308
76835
94
744
51
9
53
4221
525
42343
721
235
664
8
28459
13
739
6717
6
8
657
21796
357
9203
272
22
4
880
172
2
814
9
8304
2
7
99076
348
83738
5
68109
2664
6
2227
73
25369
7060
854
4
64
968
987
1311
4
7260
48647
954
6228
5978
4
115
8618
812
9589
1
688
38
707
7
50
89068
5
926
89
40210
27449
8032
398
4131
4841
2
83
7
87776
490
86052
728
19094
5
3882
77
5763
51268
5
4680
1674
5627
5368
490
92778
5
3
7996
6
83
9
60789
66080
62814
2297
31
1
636
5060
17056
98284
82592
6466
910
273
44
6388
50637
54909
3204
6497
6
83397
82916
45593
25961
9187
646
80707
138
7339
47
583
968
8518
3786
2
5
6
324
75283
23678
690
284
3434
7
773
2344
36
88
89762
61769
10523
32238
1
2
49
23927
45
77316
928
3571
289
64710
403
47759
93
3704
5
613
833
8748
67
6290
608
71
23244
14
775
259
218
3
6
1648
90588
77752
4
97
131
852
4702
589
54
7
744
2960
24
69
51155
581
35263
4646
167
227
457
16429
5653
2
33
4
966
45
3
508
38
7
81
3565
89095
9530
8
767
1537
30543
7
7514
701
3
41
45097
763
29
6130
83
9771
44
96095
80
17
5
30050
2
7
87
6
7104
15694
8764
5
849
33
15
2520
9511
7
2
16731
40354
799
4
3
94935
84
12
4
7
76
723
3893
558
7
470
1108
53
37569
16657
9
62
4692
97
66
88948
5174
10
587
46
959
39
2
98
2
3753
69
3887
88
94
2147
6352
6
332
26
72
77
78422
83
4238
62716
2
38
37
172
502
394
633
41
1
3
8045
4766
5342
10396
10
95
60
80
38371
766
3520
2
193
423
312
909
32671
5106
9327
172
799
5
23
9518
2
99644
16
6
11056
3
47
607
4723
2083
78
95487
85
8
7229
6621
17211
5103
7589
24789
640
2
442
320
69
3224
89
92
6304
155
51
34700
6100
92
8
5
52636
35109
69651
25
64
86384
90
619
17154
7659
2
3558
61227
46646
3
936
4
9
73
5
812
82384
25920
302
18760
369
4930
93998
422
30
5
7
29970
193
7
987
69122
74794
6504
64902
41141
5
1
85
247
99278
5313
5
5400
1
4951
3
6
6125
87551
136
19
36744
1
3
88
1
37763
30414
6844
8840
1860
76852
953
45106
9077
762
304
51
47
447
68214
87
22
349
6698
47300
46016
97
48
1
4
205
11
836
4
721
8117
9673
489
78
20
68
8
5781
7
5898
27115
81310
447
26517
279
1267
3
29251
7
28869
407
92
51
198
493
301
57
363
89
66742
5
69811
75
756
38
4459
4
57
2432
6
97
350
32
3
698
9034
570
83876
6
1246
54411
734
89
4
99
3
57084
69
10
90
30
2
523
8
6985
67
15897
88576
13
8
43
83
4
9
226
76871
814
61813
57756
1753
88
74008
3
3
651
36059
8
51
4
6
46
157
751
5439
33461
91
7268
432
55
5
9365
20794
93
299
66
96453
20078
735
917
3359
988
2578
16738
5
99526
740
3568
5203
1044
69763
7
65
40095
142
5084
22
39722
3
7512
920
27097
4694
20
39
1334
4488
53
6524
1
1136
209
103
7
834
17
47
57
945
28510
5
20403
585
68
65
5024
1
4
1389
3
3
348
76845
10
2570
5484
6948
724
32
70165
80
5
484
98293
571
5
63047
996
45139
7
470
50
4671
38
3217
4011
4569
9
3
36013
3256
2
6636
39
2
79252
4418
32
481
15453
459
2
6533
6
13667
58886
48
644
8469
1098
9
806
904
6862
1416
4
59478
71
72
5454
297
60196
35867
8
890
7
815
1
8332
515
1
426
7433
140
7040
40761
38287
160
2323
3730
4216
61793
31
48
58739
774
2
1
981
63224
4621
39721
132
7863
23344
28
69110
7
8
3879
47
4
445
54665
8
4475
1
249
38
8975
79
229
49614
38363
7
32839
8578
42
32
93
7448
4630
5
40
5856
6
103
8907
31117
8
13013
82
3
4511
68
53
14
8
87
2
592
39
192
528
29268
2
37
33778
9
99
3
303
8
9208
7734
11
64
542
7
54051
148
91204
40
490
971
9
82
25
72
292
95
54309
6
3628
9
5797
4
15514
31095
9311
908
45
372
545
779
83
34
91523
18079
86739
32
42630
94
636
41467
4197
70229
31583
5
118
55223
18
25
18
70916
93697
6186
46
10
193
2
6961
91391
6294
22261
3527
48353
49
1
758
63271
70
96
7263
89265
7622
5
10037
22374
5517
4
817
7388
8
92751
61
11056
83
7825
81876
3
9
8
60518
88357
2038
67
18326
1746
71345
64520
391
5623
2519
242
2
21091
4
37
113
1
4192
990
6
51095
69135
22
50252
1
36
7991
896
8
8034
3573
11
5
6180
9
4462
47672
74
1217
60
46
3137
187
30
4102
8549
3
59219
7925
43841
198
84
2
84135
5217
3111
78
6909
635
9
6751
5
1
90159
441
4
9070
13105
911
63
89
13023
67927
38
797
82
50960
56819
51096
90
176
661
53015
8356
3868
3
548
2
1
6188
79936
93479
8790
7
2178
7787
5735
41
316
69
551
1090
584
7429
5
57
7598
7156
18454
40898
19
2066
94161
473
4
1
52854
422
750
89
4
700
91952
935
50
3
3012
927
37
423
4814
8612
7102
6880
29
2
6848
98
8873
68
1
631
61051
63
95489
326
8905
2579
21771
448
12
4
5
739
3765
4841
24
1609
6
6
606
57
56
59
186
5627
80245
268
1
1464
961
9930
5
855
7
575
34161
20001
2807
37
8
14
87
858
46
21473
54
4
87422
657
417
239
27911
97
64101
45
21902
2
80
60828
84
17
976
7
85
8185
38
4
44
1998
41224
6779
365
558
4032
2
2863
137
5742
7
840
8
8237
5938
9
22558
722
4015
4767
5443
65
92
9779
3675
9168
417
4364
9
2
75
8255
380
5
5737
1
6
35395
77
7787
8493
2
515
26
6
8
756
6
1
45
22644
1925
98
3290
8741
8
3928
4
9387
9019
9484
33062
8
30
442
97
83521
5
229
2045
28569
6726
583
4
3
935
86
53
55091
25
29422
13
4
2841
80
51121
8
645
50928
47
90021
1862
56
97
37289
9567
84
2189
59622
752
14
39
80
11658
6
4268
8
9343
342
98
1749
14435
57
95
176
6116
959
70740
1639
1
640
856
5537
2
453
754
14186
425
955
222
7
254
5167
5
63108
572
28621
92985
1493
470
7541
7
5742
427
50545
68271
795
2511
9
6741
16
2356
9
78
713
89
996
83
20
870
5055
3643
52
74495
7522
862
602
8687
82
65
769
4854
9600
269
2240
316
19458
9
5603
84390
18
39198
75980
3165
30
3277
612
3264
5867
209
9
244
15613
6069
9
18932
5
23793
993
2
4718
5
837
5290
81
755
6
49
2197
3186
2
518
9732
863
92
11
661
510
8
10021
848
9
7
531
78
6
327
1
5
16880
88
8431
8
890
61
7569
58
5
3
6565
5743
2644
471
8662
575
76
2
350
77
8126
2714
1898
93
33
84
771
579
771
3
888
4819
8594
50
9463
5603
5105
587
2
10
6621
988
598
48437
856
66
974
96837
95571
5
95069
71
7
5
99650
47606
39529
353
6086
9290
3
75422
72
32691
872
9258
8
1
7508
7
9368
31566
5
44
81
85428
2
74
79
116
3
10475
9
5988
1
2
5924
6169
876
897
501
93
79015
9
6
28
7184
47245
25331
3346
6
79568
272
5813
81313
542
9649
93037
57
6312
25913
47
9
14731
60821
3529
13
57605
15705
4
315
61
75803
341
7
799
765
918
39742
1
7075
253
3
453
17
249
406
16057
678
6779
81141
5
13067
157
83405
2438
9062
218
863
5
2331
509
8
70
53007
5177
742
82
988
9423
43933
54
760
37718
976
18
74887
44577
7
46821
43094
8246
36659
91
9479
51
9
9346
875
480
35296
884
7
2999
18
3
640
34762
813
74682
3
5
93
922
4806
68175
3
13717
1
5
65820
52
858
53
53
40
837
3021
3
1
80
86006
525
6
827
289
1
47
5
75
17661
37
9
5293
402
67
895
77296
8352
1
8150
313
7
1
51415
8803
253
75
84812
425
38
47
7
591
9
52
919
8
57
64027
7380
46
64316
7278
62581
34393
9384
13
1318
7
52
15823
90568
84775
989
51
41363
750
7
584
4500
504
65679
25343
303
2951
2998
87
9745
2419
33504
14513
590
2598
72485
60396
53
9
62
6404
7142
79
5898
873
2
42
8
85
5
3866
51
929
655
75
47155
9580
26384
697
18325
67690
3836
459
24
57437
8825
789
5
32
1
9930
800
9473
6885
14520
6
911
23075
44
1
5
96631
1578
8
5
479
93674
41212
256
743
31
43476
92110
8
57
4204
77658
10
940
8536
2177
4959
35
6326
22559
9926
336
15401
4
8169
2413
49
1945
18
7
28239
7
3
6
60
68
3
93
2730
758
5
263
94
13517
414
9
369
57507
371
600
1826
5
516
460
8469
74
660
8
25
7
5126
89133
23
22
40993
67920
45
8
5492
5
445
8403
311
37479
2
143
92580
13224
2529
8
676
575
16
78
90302
4773
318
78
5
93771
64
6
37576
18996
7452
68
43
984
23483
3384
6731
1349
1270
8429
26
8
625
8
22059
6
71
2
168
34
27
2471
72
948
1950
920
86374
1428
5
883
527
8727
1033
2
38
38671
27
6231
51
86549
6
6
4
85754
45
4
1
84432
1861
3
5860
36570
58
91
49568
56029
39817
7967
50052
20
4
37
53031
597
71
81
9638
51914
90277
646
6
9
3775
49
8264
7746
58
1164
21513
470
4
7195
712
562
6
42
9
484
7
27631
6490
79553
12607
18
9830
4825
88
1022
84298
953
33
1525
76726
190
14
250
242
4035
4355
36
46
39
9861
4775
4
360
530
86537
6298
8
3391
2529
1
9
11216
22
8
87
5719
614
51108
73
334
10110
69675
5
9
4060
504
6889
18
89
97
3
134
43
5438
48
697
8170
3128
2885
191
28
152
90
17348
9
2
238
3
3084
75428
51
23
3037
4
735
74871
68
4
9
49
85815
1
1
811
948
287
68421
12
27
8
5045
8646
2872
732
87
60
86
4
7263
4
871
44
6
41547
79
4653
358
99
9364
3
9775
8837
6
68
96605
30026
3
3862
33
1
26312
17262
72400
65031
68
86103
85
1
954
69664
927
246
9008
910
5
93
57962
66448
33853
487
11
2
9
48
1
54
60714
449
1
9870
3039
6
3
31
45
170
16135
11925
2
922
9
27922
669
43135
2
8
2740
6
32
74757
6
30884
1488
805
6074
58
5
978
10327
1
37
7
41144
5088
1622
10056
30
15071
2299
204
9236
33
253
87153
67847
499
819
3851
67
12984
69
63
63
7570
62
254
27
7
3815
493
99
55
611
571
9
1
6
6264
747
1566
76424
2705
79966
678
1991
1
430
57
5
2014
54
20
52
36
10497
2
41118
821
43
63
827
3729
3
911
9624
9099
4430
16344
73347
90948
4133
45
19504
7
72
391
43
552
33
37925
6503
4
4
29146
2
179
14524
3
5113
419
852
1554
527
92931
95
6935
25390
9067
263
1
3
55722
44
3
29
540
41653
64387
65
74
304
2978
71943
57
2
4
726
90359
73612
41
13182
8
60
1
95365
17
571
669
78
81
39
93623
94
13
7
79
1687
5946
49427
33869
3875
430
6
3
6
694
15
3775
554
20180
7937
8307
700
82
994
36615
3208
2
5
93
14
259
91
6
50
96297
8
48430
86
6
469
394
909
934
4965
57
92
342
18249
1
8
680
640
73430
8
571
6983
2
3325
8
7
84907
5014
8
8
487
140
7
9479
3
74
321
6030
9267
83
74603
10739
453
29480
152
20138
46
32
6
6
13062
17
315
53
22199
913
154
85
15478
2981
213
3
57
88129
30
9288
3
572
5546
154
5659
6354
678
1655
40222
90509
7
22
72867
1019
1
258
87
94944
74582
5275
25655
2144
5809
217
6
76
18105
3056
53
987
98203
91667
3
36907
315
58
76
35
6750
323
264
26254
4
984
4
73801
61083
15084
17932
2
15
7932
8
24279
78
63
301
1
4266
69
659
913
89619
2
69
6
5111
21808
347
2771
92757
9598
24
798
9790
8
77
2783
551
553
5
9
6
4
777
1
66
9
8
6490
80201
7
26
5
2293
226
5509
126
75547
87
1749
1568
26343
691
77926
7657
947
240
83
34949
507
5011
74
4
969
809
7973
78
5735
2757
85656
51
955
79771
4161
47230
22
73
871
13
394
8182
10
3327
400
80
59024
64
86028
78
43
72
507
92405
37578
458
31
3458
49143
5
90736
58827
45
93
7725
3108
2
942
98
8
75570
767
52
49
6742
56
657
384
4373
4280
26
994
455
48
129
6
6
7397
757
35991
7150
5
86192
611
2040
21746
1
35
165
241
816
421
871
22
21865
4686
3
8229
41
202
22
82
305
577
5
4
9
7
50316
6069
3616
841
8216
116
2
4635
137
57
389
676
4978
38
65533
1598
301
77
60
231
9
81
7957
22490
3828
5167
8585
668
482
4676
429
98377
9
3293
8
99
836
893
29
8940
6683
3507
89714
792
919
3601
24
37
2261
2
56600
1915
62
9506
7
3
3
4
50376
8460
718
6559
8815
859
3
59698
2830
45
68565
4081
6
4
3548
3178
89
17800
111
4338
63152
8369
4494
919
888
261
6938
3304
7214
6
20892
484
60951
577
1914
5021
47
1
17
1343
3
53144
9
85
2153
88212
63659
592
61
4
5434
8
6388
11
32
329
80778
9249
39
7
66960
6848
5
5
34307
50
78
58
56021
70009
84771
65
6796
78624
3
3
34
74569
6765
9
816
563
3029
45602
46238
11701
8
920
30
17687
88
44
3
3884
39273
1758
862
5
8
84561
187
8859
97
7417
1
3369
3647
4350
9
533
8839
29645
45
581
6
205
677
2050
85
17
4
5166
723
34283
28
6959
61
62
7
9
954
74
5
1
27
9481
99772
9220
2
6884
1843
75
19
94
6
7
7
71947
9
31580
3
59214
14604
33
51933
7
8804
4
751
8762
1256
9
36
48
500
4529
5
25
87936
73475
337
687
95795
81
1538
92892
28
11
513
98
8586
53707
25541
35377
1248
939
6256
815
10335
672
2
71534
3
91
3141
427
84536
48
41
254
91
32
5050
582
14
162
18710
8507
599
2
2680
3306
350
3823
5
85
92
50050
8
3259
4528
88
74
1
70088
77
73718
2
73
4
73444
45
35503
77557
38
17453
35273
389
46994
434
1949
70956
13
49713
124
28
72638
4951
9936
73044
3260
7
4
735
8684
48
85617
91
2
74216
960
973
796
71396
9805
7
101
951
448
5051
783
4748
82
69393
1
6907
40
1757
13
68
7
1
86134
31780
3
62
27
8
5
5
864
910
85401
9315
7
4395
314
33230
1
8
5
3468
6
35
1
67739
58
69876
50793
3
1
9
74324
1
47317
646
8
27
39
10383
59733
72
415
1643
6
77800
153
3263
83191
4
2
879
712
11
2
1018
4457
153
39164
517
409
3443
4367
63820
44369
6462
6082
89954
311
6278
2
5061
5126
1
9936
435
20
3
6
44
8
9
401
4614
58
63
3
175
1192
36081
44
6
68
7455
147
3
15548
4966
404
55
182
4583
408
60491
95323
134
3867
51
29819
9017
89
182
6599
55
142
32
2
795
1
63
3915
70020
71
6462
326
1
7331
6517
7
54689
44
83
8
9745
256
2741
85254
996
9
49372
7308
3
2
32
58
8
63330
1
5541
7226
6350
510
653
720
45811
63
93962
40
73
6
1
5
726
8
17
19671
356
4140
27
31
34
7
34061
17
84554
32638
8
219
46721
8737
104
899
688
452
1
1
3
9067
199
70249
653
10275
18
2
90
1
91323
72
7739
2
404
7
81448
58
5783
8131
11451
40426
4873
72
7063
1642
37
48086
50039
48
5019
29927
3336
7008
86
63
9413
96
7300
268
16273
1
40469
94974
53
26
3381
8105
78320
89752
470
7
874
755
145
12
517
2
85
8152
72611
2
897
85
58
915
79
1871
463
30
391
15955
62
8
44
2
16
35
81
5
41
69
4
227
937
31939
9
84929
70
43996
3108
73930
9
81265
79
1367
311
725
32844
6495
472
96206
839
862
50761
7729
6
3145
330
56635
4
2
46562
3
71
7
7
1
33
45
10583
47
21452
41283
14
649
2
18
18221
63
8
6317
94833
61885
91231
86625
89
89661
2
7518
98
69
1439
6
172
5
9
5
27
45
724
7109
97
4
599
635
922
45
8
5
788
3
3806
5
84789
2818
97945
19
39723
99511
8499
99
5
5
5931
2802
4
76128
837
6719
264
7
2
1
13
56086
25625
90878
355
668
95
1
4
5
30
1
2195
99445
3
92
61082
5900
7
2731
6529
9182
507
73
9
6
3
49
765
75319
3
2
685
3109
34766
263
6
9547
8
56
71
2
380
2615
223
818
8410
1
5
667
67
4
41807
978
397
56401
3789
57423
1
69872
54607
5649
8848
637
9
43
2119
32
26
4241
4
68215
13
495
210
819
871
1
3236
1
94
5
3
83
1941
57
84
775
5
4370
49138
1
260
18899
8725
14790
315
269
1
75
93
9093
4479
98
61
99749
7
7191
88
390
90926
28167
46938
5672
58489
2668
725
6
6109
52
97
26466
54
54
3234
77741
64
70560
93
26
4527
371
641
64379
7261
47
4
289
788
3059
6088
5690
32454
9
39
5558
124
8
29450
270
97712
24916
80024
840
22
5856
16
621
31774
23
4
1
7008
42080
41
64
3
34
9659
522
85710
892
5931
5381
74
2
82
69
20840
4347
5634
895
459
531
1888
58
336
65
18741
9
4926
68
71679
2
6
42667
61842
37
8
2878
496
7300
23285
24161
684
47523
5
80738
8
69
3400
70
574
4847
63
4
438
5331
8
6
85595
89440
159
135
26
10
3
18
37
346
75
37
98238
2018
5411
639
6991
89
571
1359
38
7201
3450
77050
4859
79114
6
7
64
9230
47
28
887
967
2317
28858
275
64358
3
355
30668
7374
92
9948
375
4433
7
509
293
684
623
418
5
17
4
3120
70781
5474
963
54
7
9187
6933
3
943
67
15253
5
6
553
25713
812
493
766
533
38510
65966
3
422
924
478
92
811
5
47649
56258
633
5
468
95908
89
69
8281
82
8
92261
56031
86945
9195
27
270
518
36
49421
2364
5892
8
22787
32
2
89018
35809
3827
9462
142
385
3069
99
34
207
4
62
719
78563
694
91555
84522
91108
85
76254
35
1
393
71
59
488
73
71270
89617
91
4
466
82
44
13
3
15971
99
5472
1818
58
662
855
3
64
576
9304
9962
35569
7
42271
11536
23536
23
9329
634
91994
9
465
42
88211
65
9262
19365
843
68433
8667
11
87174
3
96263
7
894
52368
31
62
10
5158
296
2
1168
1
2
6
3221
17610
50
76085
921
238
1
81044
402
7
76401
23
39434
7
4
61
324
6962
76
3
3587
1
7
6
6947
57
68539
9
61306
6
951
377
2
989
29
97175
896
357
2129
4918
4138
66515
9
30526
841
538
4
70603
6339
965
198
4040
316
356
4
702
3
1
12503
2235
80
1
7
7238
9
55537
409
2421
15
418
5
5
5
19
1
75
983
5399
772
38389
8266
6
8
6
194
992
48267
16
89888
71
1639
33
90
4230
76205
6
7
38500
50703
2154
142
935
5
664
1111
46844
43069
4820
34
601
8500
5597
55323
2036
8
4
846
1717
2
24257
8797
61
27
28232
41
930
7
89268
1
2
629
77
206
825
62619
47
8302
539
60790
2
6780
77885
90
8693
22409
4572
69497
7
30812
9014
1830
693
5
7
91
85
30
60
77086
35883
91
99597
64546
194
3528
3894
92627
61
2629
94
4865
6
262
67272
6898
3
409
535
26
17
4339
64
9
1626
707
2
2
9
49
4
45181
33913
491
24335
75
45
95016
7451
856
7996
83132
12
88
52961
9861
7423
40495
2308
17743
13909
1
8820
66525
1741
308
82
4419
97
53
3
7
84758
7
894
864
3
504
49959
576
54
6
644
6984
46
44
5971
5
628
94801
2
62
2600
52235
3
7
600
52
472
52675
91287
9484
76212
660
6
43
29011
1486
1930
1730
1
32876
67268
90705
27
37761
3
3363
6077
28
571
9
3629
7307
6
68
6189
1694
11037
1695
67101
4281
16655
79
57
16885
73676
8008
35859
6
7033
8
7
51
95639
6081
33785
7
17637
388
2
222
78835
7863
38816
1
368
15
2442
45
3156
585
8
941
1
11071
6
61017
7175
5
6145
592
5849
8953
57
738
88357
5
6188
1
325
6702
18600
930
19887
28429
2708
2280
6
6959
80
5807
66424
4
6834
6432
7
7
751
5
3
64252
19704
3
3638
8
7780
3
86850
38502
747
1
3027
94923
9446
928
55
20
22554
3
897
5
65694
5
75376
2
88
6268
999
43
1
3
1194
7951
2570
4
805
770
5851
290
51
317
8
80
6600
58578
4070
55923
9
35
92737
78254
95731
64
57251
27069
187
64674
17316
9
48754
34
48613
67
892
186
14
6365
90
2873
7948
51137
4
2399
82843
7644
71
64
11
8970
9268
67
2456
464
782
36
4
895
1
964
7548
6769
6122
80
3329
11
15
52
2
518
83
432
15
4178
5
503
98361
61476
7
422
77069
1
70553
70527
2
6
1392
9
80842
278
928
262
457
8
6
53
817
209
3
73
12354
19636
73749
56
2
9241
4
9
81
4
45
39
4
972
8286
876
1267
81
4
46018
419
430
14
747
84
294
9504
7
932
307
5
4
98
275
222
17
7
432
901
9
5
98
92
33
76216
848
9071
5
8
8819
10
90
1
36
80
40928
827
7
83678
9
66945
8653
5
95
43499
7041
4
35674
90103
631
77310
21635
24
6
8
44
46206
90
933
86
676
757
5
70952
874
49
482
9008
37532
685
1488
8789
9
45
414
2
2
19328
2
8
8
11
7629
697
3797
121
1
55442
91004
2
96057
638
37300
56023
5
2
3839
3
8
7009
126
50587
76
73
39409
907
37
8
67
86291
10866
566
42
2880
95891
126
45
3
55
87
9942
6496
18636
11
91
45
6028
96018
275
591
37
9493
642
42
4146
8270
90
44710
17
9888
1
9
8
88
303
75
37
6338
7
9
36
9675
5898
8954
466
984
8627
977
32044
30890
9
87
7
7
8308
6741
379
7
58472
904
708
66
87
3
5803
8598
534
6
8
24
9
9260
558
8337
36365
2
61
55931
6600
33526
434
38
66
325
80363
8
7524
32513
6309
35
65020
986
1567
66826
394
138
5
26622
52298
2
10513
47
82914
8038
92
1198
5
845
3
1
9
4
4
11
3609
28
2964
4852
441
258
250
489
8
72
29074
239
11
19
96
4
60
232
423
4
7
13314
9
2
2868
5347
35384
4450
72
91
26617
60659
71
23
90
40998
5512
79882
7
121
6255
26
4165
6
5
23
9
954
1
37
3903
4
4
8
648
9807
89
1
7
2
6038
9867
451
27735
8254
120
4118
6377
46
27
66
98
8
3
56
37467
79575
1
2819
772
8374
23
71
79
6
893
6528
8406
7
1910
7
52
4341
4164
3
9
3
7489
406
62121
6686
2
7525
1916
16367
2
431
547
797
89
44
56577
309
5
7
3769
8501
48536
1253
9571
8279
2526
832
940
93206
28
80
31
7277
28634
1
9196
57879
300
71680
28070
2713
27
84
4765
69022
2
493
664
1
575
7156
9
4578
961
58
15055
879
90050
2
671
5129
178
89
931
26
7068
87977
48
4
92628
30
2
89
2451
9
8
408
752
254
5049
45
97697
6
42789
142
13
73495
2383
5
1
895
5240
9
3457
25
72373
91205
8854
73470
4342
11398
845
5536
22816
6918
76
2
2337
84
996
203
3
7737
29652
9769
433
3
7272
97776
2
1811
70661
90
821
52639
24
20
9
915
82
596
9303
30
22684
197
97
65994
95
726
7
984
2258
90
39
6
356
5
81
31
4
4830
114
598
962
4
59548
6
91
4205
181
26352
79314
5608
8409
6315
983
7
58
78
527
93859
29
81
12
23
32489
3
55
49922
4630
456
956
29057
3
86
52
349
2
8742
6174
104
3
2
91
29
754
910
88
62812
91
6216
5824
3407
7
7627
41405
8
1
803
81482
8
9
9842
6
25623
6097
50225
8717
320
6
6183
5
5
94
893
9998
13
64860
65324
8700
33
58
1
3
75924
458
2115
91518
9
950
3089
1
2931
43
3
7
4
38804
61705
74103
96
810
57048
9
8
7339
40
98864
4
764
7
45
5
9
60217
24
539
65
14
3745
4
333
98845
8
42427
9318
33728
5636
3497
5
50
12
75
10328
74775
3135
184
23360
3
60599
7
81739
77191
743
226
4147
54591
661
7
3
82140
953
74
2789
4716
20361
7
326
252
629
1404
44
90753
98
74409
14
12
53
45841
12166
89
52051
7617
7
3
39
6994
1027
88
397
30367
4
9624
24
94
13
54163
7
28068
783
5
49
52619
4275
7
96235
647
80365
54
204
496
18397
28508
5254
6674
444
30418
104
80119
13322
92131
3
9789
950
5312
1435
95902
84854
4817
23
62
12
7617
7
3
69276
1488
13
32
237
3396
237
4293
657
84577
4
6259
59630
185
86365
92
1316
53
62
5
2
6680
6544
50169
21037
1233
99815
6
47
132
8
9
40873
556
6924
72274
4
764
22
6
3828
42
78
27534
443
927
68003
77
5
6387
1825
73365
7346
269
592
1967
6
1
47233
78
3
932
832
9
44
18436
6
2
71223
7
39593
42
53
3
9880
1653
22
4653
14
693
8
8920
46
11
52
478
1
3793
604
41
45
254
4688
8220
4776
52683
77
5
6757
2523
62011
6236
570
34
3
64
8051
1226
83427
2
51
7315
22
7
23
755
10
7629
973
81
2548
50824
416
18438
8
208
1
9127
22
38606
19056
655
6470
7177
70239
999
6919
29382
81
6
3163
831
7996
37
87
7197
1
4
96
88
1262
33
9
669
612
7698
90748
99
9
374
32202
27
7701
54
6368
162
176
4742
84226
3
810
7
51025
7703
27
780
21
66999
527
37
6817
35766
70955
5
796
272
1
2061
4
22
37
5022
5960
18
3667
77
83
3824
5
327
42480
72468
38
53
4557
5199
49
736
4965
89
3420
189
5082
59
811
2844
42763
1
66
6
37544
33
9192
7
144
7
76
4164
81
11232
6
42744
6
96255
7
6223
52063
20723
80383
25107
2207
9
9
5478
92843
119
490
74051
33
1115
93
68
970
44
83
82787
3
9577
7598
4079
216
93723
667
82603
1098
97
35203
6250
948
69647
7300
9162
5
8912
4
96328
4
1907
139
64
10
881
572
21
1743
4358
841
9337
96291
98
8810
7446
80
3
194
62937
56698
226
8815
6993
7
682
659
4
523
3
8800
5
4
38
788
128
4
501
731
114
8888
1
92
83022
9
68574
591
5
37
22747
52
3
49
7659
8
321
3134
1
920
504
7
702
81
41201
37
33
5
93
58046
6062
324
8533
48649
21692
99317
129
15
8722
5
475
11
72959
4
6590
60
8
719
5
36
68235
52607
9910
42529
53
88958
31581
112
623
91
3
21
97
4506
4446
4611
9707
1894
6
807
9
96
2
8555
22314
2588
2
52441
6
17
49
5335
6
8407
61
16187
3
5
652
552
4
5
45
5199
9
79185
6
3039
9
94
34010
532
17302
872
7918
29235
528
98
86
1
75
9648
76086
75
8349
537
5760
8
3
4473
57
59
98814
190
3
9
574
6082
16631
4
4
962
99
93771
9188
9646
2787
8854
240
82110
53692
1
66950
50346
92
4333
72098
3
31
8
245
450
8
854
2
11412
7872
167
509
7274
3544
98585
6
2450
4
13
143
59
79
4
3
39779
389
6553
3
21214
785
54726
14
376
38
47
941
7
8903
1
79
7771
4
1
45
79993
5563
43
716
993
32545
822
9
5510
940
6
807
21
439
86605
946
7533
779
4
98999
18
26928
675
461
13778
6329
2733
58290
585
525
48
65
3043
8
8254
7882
5
47
6
74
31
841
3116
7883
9
3039
57
96
8327
6
2
302
7
618
8
2296
994
4
7
87472
95
3652
940
110
3
8226
2597
14
4444
21
3
82
26762
2
77
60335
9
7689
6
6105
55
7
7
784
31884
26312
37320
625
9106
25
4
5539
5650
94155
70076
92563
6866
792
5609
954
9424
660
3
62
1555
1
19601
78
71
7
1881
10734
61
10377
658
82373
875
40390
589
848
36
99894
76
17
33543
2491
28
8223
434
9770
679
460
37651
45
184
122
45
3346
1231
915
219
3265
8992
6068
21028
1827
91897
3
6574
5588
804
39
33
2099
52439
44368
1
55298
99
476
76251
34886
1
7992
853
6
69
82578
1168
9408
756
1789
205
11
4
24
3
964
90749
6
2463
9731
8
8086
684
937
718
61
7
5964
20
32
34
79323
842
988
50
279
427
9
30212
58
201
387
27
122
6
2
1
3
7
5988
6353
2375
44937
85358
9
879
76
2716
8602
166
212
21
876
65
71953
22
21
8
63
99223
97348
1676
20479
5006
53
1219
54
7
8
8
1226
5400
2
6652
37
69
4784
20
16886
14161
6274
1066
90308
7
47881
95193
2
1423
3
5017
780
93499
83805
6230
4602
33
2
76516
27
56813
267
109
57224
48
22
7631
6
88563
6
85433
9884
2
2
8098
91
143
965
6136
4913
73476
78810
71
13596
3340
6201
89
9653
9
3
16
56923
4
40508
1
49231
8104
32758
77374
6807
557
32299
79789
9164
32292
814
61167
65060
7672
41268
4
8164
92
42
81
51
6109
44400
7906
59981
1
4804
877
6
2
235
275
9
637
4578
5055
3388
36
587
57099
14
181
9735
81301
64730
8807
82
565
676
33358
87
574
11
91900
546
8321
3
75
1
9
8
16
3455
7
5
9610
24
76
70
512
3532
4
2473
384
3
88
94422
235
23731
5
2339
4017
652
25566
619
92105
79
58
9
914
2285
52
63
727
8
68
18
137
264
68175
3
9477
7851
472
33
549
16
91
34457
46324
4598
33
85
4
53
7051
95
24426
2194
955
84
61331
49581
7
97
4683
8
92380
3800
465
1861
42
11
3160
82
2691
193
91287
58509
2
7
6282
586
7485
764
3
440
66
40471
95408
37
4370
91780
5
66001
377
1
1144
3702
979
9818
7363
854
729
80843
9
12430
92
5336
22639
75
43
63208
1
7681
7824
71243
71
956
29515
364
7
268
172
4
91342
8119
724
9206
64
8
81
338
9
606
857
31
71
18
133
134
8572
7
89
6
912
30
8
1
9554
3
6
51515
291
5655
69
32
86
1
3
23
479
2546
6842
2
56
8585
9660
5276
11119
20
8062
5
56634
236
83
81
28639
5310
424
6534
8719
70
80223
4647
36
5
394
27575
2366
84
145
1363
95
4
49749
18437
857
5
28433
38
55
6871
56619
1
161
75924
3
6
20
9142
4
409
14487
7757
19990
576
120
48
63
91741
3
8
13194
9048
97836
317
68
202
96
4631
336
7
476
5
334
373
9076
2865
39
6921
41
496
31274
9190
2
3
52
52484
89249
21032
47
145
82
496
5806
4793
2090
853
702
8247
90395
3
46
333
11062
92
15910
34886
9
409
78
5282
29
7
58466
332
4
586
59526
5
538
15240
51
9
1
9
9425
11
85
37814
802
261
820
7238
27814
532
3421
25
3
75
95
64291
86
9
30079
97
3166
88
609
2
9
35
8591
13
15
96
28
30759
258
3
67678
254
23
286
61
2
75549
747
8
19610
3302
171
455
185
37
1
10
9
9
896
80
2
26
56
8546
7
34924
1
965
87141
64
5183
82
76
8
8
52838
24
48508
66
20766
3
5951
6
14
695
1
776
725
5
6559
74
8806
87215
39
65831
6337
81
5303
46
3
553
99469
8
5243
5141
59
8203
16
9
57980
9606
5676
2
73
63009
3
145
2
54
1
1
19055
5
339
24888
79134
85
1853
68153
71
44
933
342
4
78589
3999
7392
524
6278
2
34
669
26
2
75631
8856
61793
2764
926
8
68
108
6763
4
50938
8
8
4458
82895
13403
552
6
95
2
64432
6231
878
5402
1750
5
5
3548
70
16
18
9
8475
44
6
201
616
5
8549
85
8839
71144
39087
513
24434
3584
2747
587
5
44239
4
3
3
3
8383
736
99
75
70
7196
26
44
3865
85
51
6
6589
37
27
15
2427
40919
125
35
3
5536
75150
1
11727
7243
60045
29
19
95190
48205
9
455
600
1
217
90771
9
23073
62686
62664
73
901
425
24
64
1
34
92952
61
1
168
7
64
42993
16890
14650
88476
807
4
69
6
452
139
2
6
6
8
21
998
6
10
348
362
357
741
51848
98174
74
28704
862
2619
66503
936
86
50335
7892
3701
3
663
3247
21838
4820
65154
8200
543
2737
46865
439
6
1606
8
5
904
8
518
988
935
192
93089
1735
75868
64
965
90
9
7517
660
5
3
754
79693
23855
8188
83
229
26
28
60
73967
1
15642
81
63170
3864
73
3436
4244
31
2
270
70
561
777
43
62151
1530
7516
9753
9
151
4559
27811
2035
940
2
8
39
33930
1
9
9
3691
68
2656
3838
399
7952
90183
679
8248
48
18729
500
58875
5
730
80
7
94716
5
8208
8
8768
713
705
1716
49
1032
69
1
33
288
19
6425
3422
905
5
3
56
21
26
621
604
306
3459
8
7
576
3577
7514
15
85876
31460
37
8
2204
791
6
433
77604
54728
62216
3
70
30990
7
13
5
41553
17146
773
85
898
5896
8296
22
759
5
10
2942
92134
6378
63390
84
6198
86
2816
5
33
55424
3312
135
198
7981
33
20267
2
8
51029
6
28
14850
4
7420
509
59869
555
90655
3506
561
98
11
5225
8625
4854
18
61804
5299
97461
2089
28179
5
602
38925
5815
1
1195
3024
7
518
4806
54974
41
9
64
7
8611
1110
852
9181
6
7
7432
7821
53786
6674
83
608
130
21471
71212
35
5
70621
4956
5001
9
3
71
6
262
7
3455
8
82
9
29
4583
9
1
74
41
5133
8
457
70
2
4488
8
7
631
1
7
22326
8
1
3
8447
27406
95
179
5166
2962
2
70
75055
33689
92
87763
264
489
4151
19801
58
1
14351
75130
51
208
21604
41933
2
702
49
8
4800
61228
34
53079
783
89
53887
76879
7921
65
781
41070
53316
56
12
6
91187
9754
44
4729
888
55185
50918
516
69
99
2
35
18273
7908
545
77
9
528
8652
15598
9
13
421
4832
3659
1
991
1
51
52897
5666
6680
7478
10709
3156
34998
53333
1293
3561
91396
260
22
882
69
544
2182
552
46442
1
35534
27400
5760
197
104
35551
4600
24936
404
21184
90818
8015
3762
493
632
2
51490
3638
18373
945
5446
9
49859
2381
282
9
63889
22367
27
9999
7
2
46
1
1293
32
611
6
46386
582
3258
33284
3
1
1831
29594
7558
6170
63
6542
9
4
225
11452
6902
5083
4643
83981
659
1963
41
4714
83049
5
35225
57760
4592
87902
66047
10465
422
6
30
933
21
8
2
2
159
84230
98
355
53962
474
2
85807
42
7
5
78
1
42223
23204
624
4
8
934
8
5369
5565
59048
8
11632
471
7
46679
7
225
6
1671
26
5
62
1352
321
19
8
87
6
16347
9
681
2
2061
6412
8
6631
9646
45
1
8615
367
2
60
81971
15
142
87898
6
270
7
28
1
87
8
4
90
74
3936
4
3
947
46
2
4647
40486
68890
6634
7827
4228
15
5009
9
2
40434
7354
6
6012
2283
12122
520
32
81
3
5
9093
23292
6239
6
2705
75
179
9516
8214
6307
9
1
33
7
5074
3941
33
3
34833
5
40
2798
48
8
70
8
7
6420
841
2
523
89155
54443
888
6286
898
1484
3
929
43865
79
31667
3
3
3255
921
7110
1
243
98113
6989
60458
97
3459
68419
46003
34
558
8
40
4490
725
9
40
17257
903
806
870
4
3917
949
507
49389
5316
3846
93
930
31777
2991
9
24
5146
79
65719
17
1
2
502
11
24
9
468
2
1091
175
806
68200
156
59404
7
10
37
97580
97723
8
32
6
211
7
41434
88
4
75
99195
9517
5
9
15388
1030
8
73332
9992
6129
1
8336
4
960
3594
40
3
5
2
98
2
49
52
3
412
4
4
42312
27
64
7581
97
27306
9
39227
827
396
31
496
9
66928
665
3
82298
2
9258
5690
9031
8641
53985
1808
4752
8
88642
35113
64
2
9
993
83453
17680
166
1
92606
88
34541
507
98
1379
8
72
75
5229
4283
73
63
755
3
28
8
21789
3192
3935
43976
1503
38397
2018
788
721
1
2104
80
7104
3910
18
61335
6
6
141
32969
30257
8
122
688
8
76
5
45817
97
60105
3
58
93534
5329
6
46
35
7
34787
7
16
3987
10
637
8
6
7
3
36718
67
7305
73
88
48588
43191
421
32
72
43
68578
155
523
99406
22
51449
6964
23516
5
59
8434
49
1
71
9
75
57442
22
833
34572
64848
4
44234
6548
73898
9422
4137
313
6600
239
96377
15649
36937
21
74539
8254
32
85264
67403
72
6
120
264
7
6
78618
31273
771
3
662
37769
534
350
4482
48741
3
9989
50
22
7974
51332
2191
92
4881
7
8026
65955
3196
2051
71
929
3081
72
3453
588
5587
332
867
2
91
53
931
66
1241
599
64
1869
42
56479
21
65
29
75
77
3
6
66412
4
7100
90
9283
78
8602
9965
2
4009
41
20
11193
612
297
60051
8
68
47
8
55242
112
6
3
51658
124
829
103
55319
53
5
622
3
226
63049
5554
4636
726
349
3021
7941
676
74
796
4
91795
73215
9107
8
895
61
7301
403
38128
2722
59
942
57943
8785
9
8010
8137
92505
407
18
7235
2686
39
866
7
6
7019
5379
30
6488
479
1
2107
2349
21323
9
99343
42602
27985
83
676
25354
2
2
75
26429
699
78
29918
9
9032
5531
210
61426
58
8239
90745
68186
17
8
371
79
23
967
83818
8477
7079
97
54886
15633
99
5413
1263
573
446
81863
2802
29872
76
294
261
2
8720
77
5710
2448
4
30
701
5
3258
246
59036
7217
3
37534
86335
71719
19
743
750
818
353
8
8544
97
9608
3794
622
91
89
257
6
2638
11061
61168
72595
3145
339
89669
58
2
231
32
4
4680
3627
83
92
91
479
54289
8
4885
24
6
8
559
58
53
390
4
8695
970
45977
99240
3576
2
1
32
3
7
824
377
7
3
7
5048
253
5672
15217
33
581
794
420
2811
719
9
8
37
9
1178
40
49757
617
771
64176
85556
614
82578
1
3
767
4328
8366
3
590
713
72065
956
34
8305
73001
9
8618
5378
21029
629
7592
247
7
72
9823
31668
1664
44
78629
78171
14569
71
1476
582
110
3490
53425
350
777
62
3688
774
8053
9230
5
3
7
772
4
94202
8390
9927
5507
6979
671
5178
94977
564
53
43732
25569
7680
1
13961
1
83
50630
3
865
9
94600
2848
8001
47072
21
996
93
96
527
65732
9
16445
15051
1
927
45834
33872
9
136
7599
385
14
59315
83
88
7646
217
5
4
39346
4586
194
5055
16
5326
3674
4
91802
38
3690
44445
9578
22
3
960
97466
3328
18605
4
50
2529
92441
22650
1590
5
61149
66
999
4287
83
5811
5
8
5
25993
7328
10336
6144
5828
18856
10
804
7
92
785
6906
8173
834
779
10
8
7835
9
92
2
459
3
421
598
350
5205
7
6
28558
45
78400
303
3615
32253
4206
9488
228
24
53665
384
1
1
69
2
4626
7243
58
7
44610
851
64981
53
65
58450
44
6443
62821
4279
12780
85941
33
21428
3027
87761
22361
6
41
567
7
892
8963
1254
607
8
729
1893
57819
70787
13452
1423
793
912
45
23265
50796
274
966
29
87563
8
10062
90
8
309
7
70
26138
266
96273
5
39726
49042
16319
2
1
610
3
6873
27
4
1414
92
4
2604
556
6444
17493
8
4120
86966
384
6560
5891
652
34
6
150
30
49
6
145
3
5
466
28240
62322
105
6
6
70661
303
9817
16
8
99959
95696
43
7579
687
4
118
2470
6306
40516
38478
126
646
20
339
628
76862
9491
5235
3
129
334
10
117
87982
722
71
1120
80292
624
2857
1
1
8951
58558
3
8
8835
535
73
4
3225
7938
5993
26
7
93
89638
695
6
6028
27354
805
5
83830
430
5
4896
49195
8
17
878
84190
9
3
3557
43996
5
84218
33734
4846
42
7891
1746
54
750
243
4
450
41248
6
2
3
29
6
9248
872
2
77
98
955
933
8
1
7
5
591
52534
43287
33239
195
64
2240
6
64143
76418
9694
9
4
73
7900
5483
7
881
116
70705
30
37749
10134
7
349
1712
3
4
95229
651
6115
4184
911
7630
1
5
3333
65692
8364
902
660
88
77
4
2939
90119
9720
190
23
46899
66777
8683
40988
309
1
4236
5623
3030
70699
69
20
32771
84
3
8
7
8344
475
866
1685
6
516
4
1547
218
30746
87
57132
7489
5702
995
86270
5100
895
4875
38381
9459
9401
28
835
67
101
75
51339
5805
1
6
4
4
7212
57
29
5058
52
494
4
69
261
2588
9899
95046
9823
30559
1
40845
8655
35101
7
53520
68200
47353
86
4
4786
706
83
580
175
830
575
97780
19014
178
344
4
1
527
3744
2
82704
8411
9247
317
3475
2
5994
48
113
75804
61
228
87
419
6
548
894
52532
193
3
82
48
323
4
5350
79367
9
24
655
4
80498
5929
8
3
28
90495
42610
4
10
869
53666
503
76546
6345
96
214
550
50
4527
4974
14230
1
9
2
35795
120
36
2601
4057
78
59511
5975
6069
12061
882
505
2061
98316
530
6967
59
5
6443
72105
10740
8
8302
745
76160
56
363
864
51436
32649
95
3
140
3
453
71795
28894
523
75534
6
2337
48480
98261
1
8136
7217
544
39826
9
628
6
331
7483
9
89
94
5
210
18341
9
56921
48948
8
511
17316
17027
84
9
11
87
69607
7113
78
97287
5943
6
31702
7
4
83
63321
2
915
41856
3
878
9171
629
23
41
2033
248
909
183
98096
5
80986
229
1
8
68443
1
31406
5
2789
290
2792
90075
26
2
7
6541
941
477
4
22307
25569
1
4
934
229
788
506
12
853
7
25
8156
140
689
92699
5
4
82
294
909
80487
85006
595
878
42399
7890
3743
3
61
78
677
14
55
53408
585
81
74
51
36
92
2714
2697
81971
88
65
511
8
7
4656
5400
6
88
8456
2
4887
859
6
5
40
630
72720
5
133
54132
524
867
1
4704
8
2
27439
8
58
198
437
1
91
21
302
99
7116
9725
12
41557
828
4789
138
7606
54730
273
7
7597
4
62
72950
81
744
5
2
711
1885
1
4
1
7942
5
49
9
8142
650
15
12
8936
370
47218
20035
40586
934
37053
2309
112
9070
365
14365
20917
9666
3
332
236
1164
372
8851
71431
81
3
596
45112
37847
2
64
90
5180
3000
9
16
5
85
59
34970
9
70
892
48
21202
1
852
93
12095
6797
8
7
96623
1
69143
1
44583
1
5285
599
92
8
428
92035
1021
8237
86
13
7
4
52964
62
2381
8
96
664
575
73
6
895
35
23
38460
4877
8736
98963
810
1
63
8
6
63985
7
6
7836
4
3575
575
49
18439
9064
38
5
28
7
34860
949
3
2206
3096
66474
7951
687
45
86996
74
6299
71252
857
38061
94
45
15418
656
15
2115
98750
410
631
9
9665
8918
6548
59
6918
1878
4
764
7
11
6
214
2
924
97
56982
4534
1
411
317
94
7
5
87389
365
89
4447
5
58
73
5474
7
107
202
97085
67
156
9256
4196
7090
61391
95
9
32
35
9
59
786
130
15
56
53879
50260
1
1
32693
85
70978
89337
8315
876
5471
37525
29
91072
935
9
961
80
9448
442
67548
76851
50754
11484
32
50424
19191
733
4350
41
75
2
40
68509
30858
9752
99620
34
3
7466
36360
385
83636
1571
80863
39
6
4757
90
1
28413
579
75
8426
35
50
178
20
143
65473
8
21421
3044
219
70580
18
34409
73
907
8206
1524
61019
1
636
33
75
3830
164
54
598
5
677
3973
8
1837
953
359
2467
1186
117
24
7775
46221
31
7
41
2
959
3
24
821
1144
3
701
36
166
47
18
7878
57
5564
229
59638
27
28
6
88
96
97
19914
1
500
904
9568
21
43
67
49
87
64539
33
45949
95
249
79037
86
90345
437
9
212
3
78
6
39938
9876
21
17
3
6771
35002
2
79519
8
7
1
3
820
16
41
23646
27
9645
7
39395
4
6
94165
98692
63
85
6
699
9350
2
41
969
46
7492
414
7635
24
451
7214
5
91
176
74
593
9
35
76
16
226
1
46
3744
4
1
982
99275
27
3
9
272
7
8
7443
538
154
72
31
85606
455
7
47
3
6430
9237
9848
40
8177
869
68
786
2
7950
627
21263
66786
2109
2153
556
4
4027
3465
39
339
3
419
65
2
1
22383
6912
31
483
73
50
64055
760
6
6707
649
5
475
243
9
4026
77
46
8436
57
96374
4
36869
95621
4615
98398
395
404
40908
94
5647
8
28568
6
956
805
877
36353
9
9367
743
44226
18841
7257
675
349
5
74
85656
5
62972
66
4
84
317
9815
46256
293
17130
3
878
5
9584
902
22
42
8692
15650
99368
5
57227
987
1
52306
6
1
310
51748
93869
4481
95782
2939
2
74
380
58138
5
459
73034
659
422
2
50
79824
381
826
19662
2961
933
32531
41311
87
52
1888
572
9791
515
74214
4
30
348
746
219
4347
90
7
3
636
114
9
53225
2
51
7730
934
9247
15857
13
26459
96239
5
1335
152
7
62
981
5416
177
59232
89214
5708
93
93342
6
61032
86741
56
626
3
32658
43572
5313
90
9848
546
60005
400
5957
4
8
49016
7471
9877
6
81
8
414
7725
50
8
189
27031
94
8
5084
87574
9489
3235
650
14525
340
467
88268
254
27
3
88975
26
6
7084
9069
8
633
5921
2
44
50
44377
8506
70920
5
71086
7
5059
65530
87
41
895
5994
6349
16
565
2
3
2341
91313
514
4
520
8
8
493
78897
17994
6
68
9
1
9739
2105
9
1306
436
9823
7
14692
552
6382
2304
196
36
61693
2925
2
688
517
32695
77157
495
617
58
99728
1099
485
1260
677
9409
335
406
88930
45176
9296
426
1
4
2
284
408
14314
907
17236
64287
8525
66275
7
50
41
2665
1
176
971
64
60180
3
54
2109
4
4
994
9495
35
37896
103
33942
22
86087
658
7
6621
47130
893
3
9011
9594
2
96
46
75382
262
96756
2
7061
7
9760
79655
8
169
82
24529
99
73932
14
79517
7
7087
19
7
8
358
9
7
3
56
4
48969
7
7378
979
581
8966
7298
51
8
28031
91739
5
29
212
68
839
8
21
36073
8539
1
7235
948
573
397
847
706
865
9
82
8840
7631
29
10945
9
23
94757
5
418
4929
80009
9
9584
12
4629
636
6
4738
63
14
5
4265
8
71
7
98547
27
6
38
55
17222
56174
53972
971
7656
53
7
8744
1
83253
522
198
98742
78212
88854
7199
605
4
89
257
27
153
62240
1325
83876
96362
37033
92314
129
2270
5910
8
6
9609
245
7713
370
299
34
64
858
979
6
86160
3
18590
8771
4838
8
93
36129
1162
2367
397
3883
48
5
79
676
30
397
57378
68
89
211
504
7410
4335
87
8919
176
3
578
79191
42
8
26749
382
93634
70012
735
59
47
24143
74837
991
241
29
450
6398
55
81427
382
13021
30754
41
9970
3230
59
9794
89
18
82976
35
70928
8
2889
661
40
60788
90
4058
8
5612
975
3
6504
61
52
3
4843
9
27
221
328
8496
53
1
335
2068
3309
5969
2468
28895
94780
48966
62917
705
26
3906
47
9585
95
229
30248
138
7374
8
6484
11
866
268
9
5453
75
71510
754
28
7904
53629
6980
86
75542
11371
388
2502
875
83832
1
43
77215
597
64687
61504
6
76546
88364
84
58
63
70
9138
82822
62636
38
686
7418
64943
18934
21778
966
830
87
4
242
416
647
8
626
8
2
5
54
6
4457
1
632
17420
1
9873
87
6
32138
300
49452
877
138
620
58
58695
354
958
58
1
2
3720
8589
6293
17610
565
48960
2182
48488
1
885
90
222
349
294
9385
21868
535
265
13809
2
2932
412
89158
70
88
55520
877
803
2527
13
1
6878
19
68
10
66
24
8
2957
68065
68
916
409
9
3656
188
99318
2755
25326
83
2318
9
14199
4
2346
5707
24056
6
462
741
76
6039
811
305
626
33
618
1826
56294
55229
80
4
49694
397
6349
550
7279
91
43
27
91181
350
23
889
560
2
91
7660
55237
7230
116
49889
253
61
29774
3509
168
5185
89
1480
79129
72
37
5
6
76160
795
7304
822
9935
3128
64
70177
6
2
869
6
2
746
5432
1350
47452
97626
20621
2238
66314
6947
33365
587
22925
920
8693
6828
6021
18962
8
4057
141
99502
9204
54980
469
4312
312
4910
50182
18
488
482
6881
805
4
1246
48
755
40
4
600
5
8259
92040
52788
10134
6
4889
97779
661
7110
4
149
81079
9925
65
14645
564
6
33549
8902
5
13220
289
5184
16
4
89825
42965
8
55793
64
8318
8523
48
2
31528
1525
5083
5
791
5
576
8
93813
58
63154
3393
24253
905
414
42694
19
22936
76291
2
44370
6
3
7948
428
2558
14
3
6728
8812
9
5366
96
6700
646
256
186
4968
3110
4748
70396
39439
284
7604
36028
79
3032
58
7
8
6825
8
5242
75
41089
8
45
76347
359
49494
6
6
604
252
492
6003
8819
5005
9090
437
165
977
19541
5787
41
8
7901
913
468
4
588
714
90750
5
83001
85
8
16373
53058
836
28561
603
834
2157
7490
641
29
912
423
828
83
956
839
6353
24
33831
72356
963
60555
840
6600
5944
28
6507
288
98539
74055
6102
794
92179
49492
6004
7449
29790
55971
2552
1
8404
92132
11094
33
2
8
3
5248
24303
6975
4467
30310
66
75990
4
12305
71
42966
7
455
24
5
28
84
21202
90
21
4
11726
768
5
3327
65917
59
65
5209
6301
4911
6047
95171
2842
198
40
82924
31
11
4670
727
34
22812
807
93
1
338
31758
2515
3
12
800
7
18
5757
260
17910
73472
9
26112
8
96
8
60858
6587
94693
1286
33370
2
204
63767
69289
9
3990
74
1
66255
70790
889
85303
2
6
7673
792
86
20
1
3
6830
11
3
3
5
3312
66669
97
9942
1
58481
4472
35733
82026
183
9
429
6
77
52643
78
515
7
1
2
1
7462
51607
220
5211
8299
94876
65
53963
20
63588
61
2352
4696
50
8
341
242
473
231
42342
73142
931
613
4941
16
5
83
925
8936
5777
6
833
5487
714
46
68
86
737
1721
43
63970
8
37
8917
12461
965
4457
9931
302
87
61717
51200
8639
58292
880
29197
44058
16
3725
5841
80
19696
67
86
389
656
7388
70
9
7
8
64487
31306
67
18328
284
927
87
3
95289
7713
5617
91
190
204
9731
84956
965
6945
15
7
27
88800
94
23895
252
4462
88238
184
6728
9
92689
854
803
201
19
6579
72238
48
3624
70
4
191
7
6738
94734
89
39788
8
4
679
50
93702
2
480
843
46
85
6995
398
32074
2
61
9
6
68
51303
20
85
4
78
535
599
1335
65
30617
62
35
80054
529
75
9
3740
58
25211
70
4971
74
656
43
23
444
55082
9
605
4
5548
39317
3731
530
12113
26861
454
8
362
5
93
63107
9
91
47
31827
94372
38984
609
6504
9
30457
848
9
86
58
419
760
598
60397
68
2955
67880
179
6
7231
531
9738
75
9
37465
7
75
780
55
43
51
3921
6660
357
638
96
283
81
583
5
8482
975
130
72732
1
9
6
8089
34
8
4
6
8
28949
2
6
434
17833
5
32
1
22537
54727
25
60
28
5
31
842
47041
4
94
4977
21473
2
1608
28541
72
529
36
43
761
733
8163
2
882
16
48
9489
4
6
91
31924
62472
856
54
789
1918
554
6033
45265
5890
57
4525
524
1
7
41
19
5
532
6521
5191
84
8103
7058
4169
742
186
6
74814
80941
693
2318
914
47
27
978
45
275
30701
544
904
5725
8765
2
632
94
981
9
82
81
19
658
1
59
10286
34123
30
744
57
48
4
21179
7910
360
39891
68280
32392
4710
4
634
62
9472
6028
26
2
18
3
182
80
2
439
8291
432
40
37668
42
8
558
51923
3
7637
46013
91993
50
2
7035
116
5
55
70338
525
182
9
18
6978
4751
4
2672
48
89
796
5
1325
9681
31
326
27
111
3385
2858
701
3
6429
6864
344
69746
15129
2749
3623
19597
47799
224
3
7
28101
40
4553
52
10351
95
91
1
719
96
17732
135
33
7
7971
96
79134
2723
29580
8
371
9
299
37
8170
932
36
267
2515
629
23
564
227
3
237
10
2
58
3155
6
3
6304
79124
8468
445
14142
1
142
1445
9
96
54227
857
65516
4395
4600
5055
50597
8
43364
88240
96
87214
5544
7
82
360
8122
58
78
4377
5711
8
86433
6461
1
1
706
63
4873
697
4207
31589
5
4065
381
25
655
18
10
60287
224
8
68532
956
7
9
58
819
32
39
694
64
9
216
5657
872
38
30
350
542
32
965
67
154
201
80987
6
802
691
1103
314
176
8579
6179
30302
21
7
63
44085
966
2
6
5468
8
2862
662
234
14
574
81
225
241
7310
71
93724
9
2
2
3
744
2
1235
8
9
72083
55736
304
99
57
59581
710
6899
33601
157
65015
7
46
66
545
3391
1082
55
3
1306
31553
97
929
42113
61157
883
9682
86
46
2846
85
7
9
5
201
52499
60848
700
243
4
8929
359
6535
4656
83
4
662
8580
6
4
61
3
27
66125
66930
82918
8083
78
19
513
4
662
74
35
9014
39
63482
32
1
10
3835
21
23709
1
637
1169
47924
80075
6815
390
80016
47844
84
26
4117
1574
90
1714
8
31745
74
62804
45010
6
1024
3542
3
9
294
16
52
94916
18
5451
9
67928
1916
336
1341
6
3945
14
9070
69968
5
26376
79369
47
41
440
777
1630
7477
70769
90
6475
9323
57387
5536
84165
28904
1
382
377
371
22689
72
5598
204
4603
27
398
702
70
422
31
399
9
56955
5
69
416
638
63645
566
1
1128
17
114
99
57
97
52
47199
888
4
558
61694
3050
584
6
746
24592
53
2353
1
28
93
728
3
93693
9531
18302
923
71461
33
403
8063
1
86
2704
780
357
9
1710
662
1
41546
63
99328
39566
86655
19
29986
60607
76382
3576
85
77891
936
89424
352
74619
84
3
3387
125
560
2
684
2151
1566
5992
7
16515
55269
3
3
40603
16997
7266
851
7
32
74
1
4
1801
4
38204
6
2
45
69
35069
19988
111
18368
971
1
2659
893
529
1
16
30
628
1860
6273
81
7
10449
629
6403
302
67
3
4396
29240
9
20
15
6
31
3
21
8426
7890
4
554
67
3971
64
97704
92564
4
38073
1515
4691
8470
8
8
4125
3469
5360
23356
1
61294
385
1
371
349
922
883
840
46429
59
62
59854
914
30
2
59
53
8
447
4038
231
88620
550
34046
3
62
5094
9
32948
823
4
87
2288
55
2417
74998
29360
74441
35
6
79404
13767
9861
6
16
491
6604
63
5600
32
413
4995
92
9
771
44
39
47153
7
110
28
9851
6541
116
8522
7
77
8970
51323
853
37357
6
971
42
6
262
80830
497
74286
442
841
791
6180
8
1037
48406
5538
3
22
919
2371
6276
1260
47578
7731
1
3
61626
746
69
61
31
47
25
45796
2
2409
68
3
7
8
45041
308
146
49388
5
61327
5197
1
1
29
31020
30107
74273
5743
9
5363
8
1
777
878
63575
66
378
5
69435
99604
3
84
47127
25867
7
8
69530
80
2560
7
86
1
1164
3
56
88532
2
491
57532
3
1232
2613
422
1
291
22034
5
3273
32042
233
130
76090
809
2894
39097
73
5414
5170
5
6998
330
57
3847
25587
46
669
11
16
56
6
51
896
5779
5093
481
8
5
64693
5783
936
5164
1336
87
81330
15
5
8861
670
207
27
838
933
25254
80
7
4
79053
50
756
8174
33
9
2828
445
44
91
410
1875
1217
10641
3462
5179
67
1
8796
41792
32
78
6
9132
36
841
240
96265
829
7
5
1
771
10
4217
3155
4
9
5
1036
55313
6978
95
784
7040
434
3
9
45268
460
24
8697
8
43
47323
632
356
51453
717
56888
52
56
447
59
159
70
1472
42
76565
235
752
8901
719
76
33635
21
82
51
714
67704
8355
8999
9
302
8260
24899
92
624
79
9
38
362
4
56894
525
312
44756
5245
53421
17468
58
3
51
2
17945
99515
1227
63
71
5
92167
83
42
58
931
20884
383
8
29
2
75580
10392
75093
5999
16
3
5799
88231
8132
90
31007
972
4
8
67
419
481
2
205
8
7
8704
5
581
94100
850
68822
1
147
7
4744
4869
55
4415
40508
98479
67222
2
4
875
77481
610
163
4
3
5
4
8
5
78000
4025
3
44
3
7
7
391
87864
71580
959
5998
4094
65
420
956
43
1554
18
8735
7
5926
4278
71
54610
693
222
3386
23
90690
202
40
52
1600
526
59
4838
953
67728
6
55818
2760
91163
52
15
4198
85919
66
797
2453
82443
9450
585
986
34
59471
1
40
559
198
1
63370
17927
7
3
44
71
4
66
8
2615
67370
9140
80
643
11299
6
5597
90
5
23
421
9
5353
26017
5
62505
69
5
534
5
228
213
88
99823
5
7
1450
199
7
99
981
2715
16228
14
428
9
41766
96
48076
8056
83672
2871
9
18
2
1
3169
8125
4798
3799
23527
91
9
288
5244
5611
9112
2837
79
434
47
6965
280
5
7
4234
344
309
3256
8333
32405
23
2
46
5
50
827
563
72870
42261
5
49922
61
4
4
1
1753
4
5
4946
79805
1
6278
8
40
25
39933
567
29808
53
49
57
32
31070
85
34244
572
2075
745
61790
5
38056
80
68
91
12199
885
2684
5009
42677
8165
39523
13
24
408
85
2
7785
7
4585
6
8
35
5614
67999
9743
19
289
3
76
206
8
86
5812
69
1
9760
362
4109
58423
69952
27
365
4235
66883
7400
5
42
1952
331
738
13824
824
5482
25
9
4
4
67
7101
66
17925
8292
9426
7
97346
9393
279
26140
11
1216
78
27144
2811
64
22
97843
6
946
3
88918
65845
618
65182
28074
9104
1934
3
51606
32
679
89413
827
8
874
8
1
1
5707
97
1
57
1
7960
4
72
16
815
80269
7
4128
92708
1710
200
89
9856
8300
5
92090
6644
451
48653
576
9993
93284
63795
251
6
7
87
97
801
52549
8368
3845
352
9658
769
9495
84
88972
64
55
694
7
6
7
2981
4742
84
165
51467
22724
27
704
76332
939
679
7
8922
4
42491
67928
1579
9180
6
41
3
3
99
24
9
615
28
69036
73195
2
72517
33998
198
5
3309
796
96427
194
2
27943
1998
4844
49
10
112
782
6
20213
4
501
55603
3424
36465
4410
49
511
244
82868
836
3
6144
82691
51
75128
2
34341
34539
8
1644
28457
19
91
507
114
40246
71
69699
1381
32
37604
4259
6744
6106
95
4071
3710
491
4999
193
13748
97590
4
48
17936
56957
5
7
6804
237
36
726
17134
92741
2842
45
1
41345
30
5288
180
9
7
45
58408
74
72384
5977
53239
77
21339
802
8
24405
8144
60
5205
499
13
784
40045
3
98
505
86348
2
579
981
264
73
7
1
77
86
71456
9
823
416
6
529
5151
41
1
6
16
506
69773
81653
6
649
810
322
4139
2
9
39430
94692
460
98
768
5769
3
62
6
63
8
39759
199
6655
6250
521
54
9477
6
7
77234
65
3903
8
60476
80
7629
5031
6343
2
35
228
3
440
1357
915
74973
336
17
856
52
40368
27
2261
97
98713
7
184
750
624
73
5
6
54944
4
316
8040
15
41037
9
661
21426
275
15674
86
929
5131
9
45
61887
25277
6839
94
1904
173
98710
306
58704
75109
8
22
41782
64619
40830
445
2640
2
600
19257
1
13295
11
38513
770
4
73
8054
7
9
55
97619
692
96
7471
776
72
87251
9207
6
59
68669
92187
23
45815
4
35
49510
6381
72
298
980
5
1913
397
690
81
943
7
9
42435
8
5
18
347
56895
372
3600
99
32
552
51
897
50
1757
87939
2511
82
49632
7730
61538
42121
906
91
8519
2649
6
94
3786
4
594
9
27
843
36032
2309
8056
912
2
368
1
458
170
48464
21
78
51
4967
13
47
54223
420
5
3892
8392
5962
669
808
625
825
80330
77778
880
16
499
8
7
50788
1084
14654
3278
7615
32
7260
46361
8
96
56
80
4
83225
53
16
8633
8992
13
6
761
19638
9454
3
82
8
429
26
7559
4587
2836
14
96750
1389
3966
47
275
6354
559
6
2
46285
8
91272
26519
23915
70
73
256
784
96485
79112
41286
5153
56484
30
82301
1265
98618
38
8127
702
9763
55844
3
34
36
35
9
2
7
77
81
6
1036
2040
7
27692
64
7568
5899
95
6380
51855
43
8658
3
11
98906
47170
3935
6158
4
2664
94
811
3044
52277
710
25
1973
9
2
389
14
671
341
9
984
791
22310
39578
11
690
91886
339
490
21
7882
1230
9423
10181
5
534
83992
6057
226
269
72031
5
91
9081
38
70119
38678
6254
66023
78
6
619
8242
3393
57
95
5
255
6
1
970
11712
6192
5547
76
2930
3
430
879
582
6063
6
483
626
890
293
1
5
371
8
5
226
69947
63623
43
687
5071
586
6
9862
2
7474
8
737
15800
839
7613
95
523
733
42052
2
7347
5
92
8796
33566
54
83
46395
53224
2
50762
16323
50
69
49719
86
40412
25
5953
76
7373
5745
45268
838
41
7
140
57320
74564
4644
7
85
91
737
32086
30
567
2880
76889
50
4335
53514
6
1189
2958
5840
70
88
13
6080
28
1
36338
1
2
3
3
2
1
231
4
5
99
1329
24421
361
36746
580
4
27
17665
148
90
33
154
8150
659
7
59796
94648
56
4
426
278
37964
65282
1938
8196
56458
130
61
98
79947
9
25340
49519
662
532
7
5744
8107
1686
5
33
70438
298
64
25704
65973
5245
67931
28066
22
3665
91
47
4489
870
79302
30
17664
52
35048
41
32
5607
808
1998
34
34
52412
5
68068
4327
965
842
16
34
91
3
8
40831
90
69995
47
30
3
3033
49
9
2617
62652
69382
633
35363
3
237
6399
8
93
973
1144
1
139
7
304
37
50
7260
14974
507
8550
6
3
4
18
5209
2887
1
17765
721
48434
8
10223
923
3391
6
58
4
243
4393
8
30703
22
97
56
6985
4
3095
18208
20
1
740
68
8826
2619
6012
1
55
9
422
2
44825
1
957
50266
6279
6
96
1908
1
16
390
287
30767
63837
9599
718
32088
40
27750
14
3659
6
33
5508
30
2424
5718
8463
2
69
3893
1507
267
44
6492
2
67
697
31771
34669
6
84402
691
39477
5379
6
2002
542
44
1
3443
17
2
79332
40
30235
451
1
4
7
395
70162
402
71
5463
11
48
8933
730
74
19842
97
3976
1
87619
24
8853
98586
72
18404
46189
42
9113
7330
49131
32
2
78
7
5
9
2
71944
9941
34382
8039
713
68
4200
5
89326
2811
175
9
5238
18143
21
4124
6194
1
165
862
2193
22
14
3419
89745
8096
2
32671
4002
751
66
69622
413
10
69514
97
85
54
8
13
982
16
4
59
4
2
73
1
1631
1
9770
850
31210
94
96
39
164
1
58642
19
3
706
30
5797
57869
57
5900
138
31
82660
3
1255
397
3
2054
92412
20
45035
932
7466
7008
768
939
345
8
83
7
9885
70
762
543
22
6148
24
19
8
98
730
7
960
56
74839
721
7
946
36174
505
3
99
6
294
24
6
540
16
228
57347
4
7
828
92056
92366
778
6776
3
14078
317
4
35
5
5509
20919
9
4
72
66
27502
648
217
68
94973
849
36
5
93147
72
464
294
7
1
98628
701
12598
1
4258
6
8296
9
1536
35
1
42916
52872
9
5
888
4
5177
235
87624
8314
56975
75
842
570
98
5
2936
779
91819
83
33685
9672
377
49
7
86
437
2606
42
304
82
8
99
79533
80508
48526
19415
1902
26305
49197
9
45
224
7
434
7638
3
711
184
594
89
56370
86631
920
3
86
96736
7
8233
7
5
3
9832
1928
71
50
88
5303
34
57454
9189
63906
4
52436
62
754
510
71783
265
53
55269
84432
2327
77
74
64
21
32
69957
8
7888
68
42617
5
1974
577
98955
696
41331
1
3547
136
8
2557
72474
78
154
762
52
5
5735
46
9685
2
8190
5
73
46828
53765
5285
12
478
76
3
8594
5
24573
35
42369
12
49490
9
6
6229
94134
776
517
55
4
85769
43826
960
97
21897
66
6374
6786
50
1505
630
4655
7005
4680
96
856
28741
69184
793
489
1
71077
14
10
95397
1
94748
95
5564
9
20232
7505
562
34
74945
1
1750
7
5
1
3
1223
1557
926
58716
505
9
48
17
522
374
6
4499
224
704
217
5296
953
34
32924
18
73
12202
9553
294
11
3052
554
387
389
684
84
88
7
7807
8
9754
349
4447
9
93
22795
39410
1
188
9
22
5
9397
28266
4285
17284
5
1295
7165
68854
227
1
63586
258
790
35
6544
8695
2583
86016
87
84916
72
21949
7892
4
5
31256
90128
51
7
4662
606
584
32
3784
7648
3455
2439
344
59
47
74570
83653
715
7155
8762
1
919
11
7
59073
31
80478
57
4
10
19045
6
4875
56
908
90168
59
9162
2501
2
387
10042
78
76
52732
451
5140
4994
78
18678
5755
9511
65153
2778
77388
82
4416
834
99
52654
40
4
7
7
954
4
362
38125
38
3532
2
88
98116
27677
120
523
52
33
177
2
582
3300
2558
86
61895
7068
49
213
2161
4044
9
3963
6270
98721
21
29
61922
556
480
9241
6467
36702
7
1601
3525
787
31
9320
2474
61
82
23
2
6321
5
76620
3801
44
394
70
35
502
71392
27
9315
73909
39356
18
38675
71270
1746
282
2
5073
4
84684
1
834
71273
7
9
33952
668
2
4544
54
222
97
11
1
3
65
39990
868
58114
70154
2799
96868
20
88566
43689
44190
91577
51309
8
44
9
10
78
384
6009
98864
452
13
12
7
2644
63658
6224
9
9625
1058
6
84317
8
73421
74232
7
6010
477
57
31
42670
4
99913
1
3
8
881
5
3759
8
7
73875
514
17567
922
546
53
3950
2
8
3
98
242
52
80940
3
87461
7
878
16845
875
66163
19520
1590
79
187
65840
8297
3
362
3486
9451
5345
84
25
3
897
2775
144
81
802
14
979
363
630
543
147
45288
5
3
4
4
71
91
708
31279
1022
3
3055
7
559
403
409
7
28
126
43393
9
43564
2523
16177
2514
4
746
59568
4025
54
654
87
112
38903
59821
1076
40374
9949
4
181
1
142
35
149
467
67986
1
47936
75670
8956
467
7
981
6
586
10
909
99
1
80
371
4
6138
46184
2
749
5
4
70544
8772
97266
61693
6
5535
93
1844
7
52632
92
354
6
1
2185
9632
31
8
96745
3891
84999
7898
97
782
7672
1420
4885
4
6
48
772
93851
45
8898
19
7644
29
20117
7771
2383
23
233
474
9819
616
21054
792
8204
748
3
2611
29
77155
58
257
381
5810
42
446
268
7
574
74
6932
59
34381
38845
843
345
98902
8
769
4
8894
45
25382
7842
215
211
6102
700
8430
58
86
2
42428
601
23918
12355
4
90
39667
18
4
695
99
28386
707
6
94257
8
1146
77769
30
54
91877
79
33
91935
9306
1
6615
2
26
55306
41
3
7
87
1
92772
3626
90
92
6
17881
99173
3454
9
95
67133
9
4
6147
59
4445
69
22290
995
59
9743
26
85823
57
53
36
4402
384
974
93778
21
72
955
4806
9573
866
716
848
4036
5767
2
7687
13716
7
81992
3050
4
397
99
421
954
502
8406
31
865
9684
2063
97
10595
43
3
4
8
389
94
6322
77974
66
6726
735
4
74
69
909
71
55636
3
87755
958
9347
57675
7
35
856
64
11931
34192
54001
69853
6
91
9
85434
4
20
508
719
1
5775
733
7
62585
83
809
54360
2476
29
27477
32
27831
67032
58909
86
1012
710
304
47184
199
71
3691
663
14
56874
850
3377
19230
524
96
4
8822
99
28
52
46
7
9769
603
177
53
30
53501
75
77
946
5
530
116
612
88
6
76622
890
6952
17768
6
366
373
726
624
84976
97488
872
2
464
8
60
85
44
6
523
46016
4
8603
7907
7
4
27
512
16117
34789
88413
35030
7138
9
4
91919
71847
4914
729
1308
72142
2
13
5
2643
6
3653
1158
18675
78
14
7
122
12
5913
27043
92036
68
486
93144
41174
3
4
50
6
22740
73
81901
98
7
729
326
5591
148
1
1624
2552
669
5
1027
36477
99563
9
125
72
3427
30
2
18192
797
3
4
5
43895
38880
4869
73996
7
93340
4
2
826
322
87510
52
9115
3221
102
12
18222
60
1953
6569
2265
5
4187
3
8
34157
688
4
17313
316
1
8751
47032
5497
9980
28515
414
4839
60
54311
277
8
46390
318
41
645
4257
3396
3
71
4
9506
925
1
5
636
7
8294
15
6986
2707
19
89157
65861
2
14083
36
7445
9
11210
18
961
8840
8
28
87
3
39376
20
38805
60479
8267
10163
1
797
610
31615
63
79511
6947
86
92901
66
134
65831
8
95
32
666
8
4304
48657
6737
6
20615
79
5621
52
4841
8
6
8
556
5
67249
4985
3
4238
16
835
1400
758
46694
79
4595
5858
69453
5988
2
7
762
19
2794
8
914
14743
7
62
6
31
2544
2
5893
4296
1
45
32
54018
53953
42
386
2468
8
9
17856
5
6062
6493
173
265
53
8732
67
7390
603
8240
80199
60
305
53
76
85
31
3
1
7
70
78
642
5
24
20
7538
6
69395
6
12
2748
732
92576
9
767
9
27159
8432
68828
225
90695
5250
72903
8
297
96448
803
12
38622
32253
73
11
63498
20
7
37304
5865
61253
8
8570
1
58
6
51
77
5265
1679
92
8
99325
55401
33
6532
34488
26074
3891
3
4
9660
68296
1013
36
30
74927
55
4859
74972
5
761
453
1590
220
91
78519
38
8
90859
7394
6001
754
21
8
7306
16475
94091
9
8326
9560
959
9
7897
14
75013
135
376
86
4524
19896
71967
669
35734
16
5026
107
60
26
91
28153
8408
9
4702
561
2
3
49698
42051
13
7
2
85
8
30285
25
8
4593
132
8236
7814
9024
61800
583
85
9
74
336
7
498
7
79523
41720
22697
8
2974
21063
7694
424
887
3073
971
80
7
7888
31
5551
4
85
5922
667
744
8028
871
8743
1363
74
361
94
9
68
51655
13
2142
48
67876
4
41972
4921
2
23
55163
888
23187
46
66
86864
1565
69
278
78659
32
737
58095
90226
6895
97
456
6
3093
88
890
6428
6
83518
11
9749
865
18494
4
29010
37
34700
223
5003
497
9
2
956
19
5
4
5352
28799
51155
76
6
29
6820
86
6
3
4941
924
6141
521
2347
5
37506
5
43976
29
6
28
6286
98566
698
8
671
74
28
28831
4814
72890
8
7014
12
7
86
1
34821
80
9
8
768
981
455
686
5
88427
800
59
5
309
1
88601
42439
78124
33
219
22
775
38
431
9545
58177
1000
108
8
2
97297
74726
104
54
4336
1
11
3
5041
7
68
8
366
24186
91
38
620
676
55889
62
4277
53
14108
6
78
270
76
2707
9
78448
2
5
6
7
74
304
29
4910
48
8850
29
30
9
614
24
6863
366
9
2
13
65557
2
7
1
4
49101
6
420
6
34527
706
8
120
82599
76
93
3
1527
45
37
30
256
535
29
46302
89
15821
464
89
8
815
4305
926
9237
1618
4560
322
473
256
44638
17
31421
788
4033
5230
7177
8816
24871
2
4072
40
46
39280
5
7096
12582
9
425
45
20
65576
90
5091
58586
21919
651
5
966
73537
66110
1
51
8839
3
85270
3337
50849
3777
9249
56508
47
981
56
629
32
30656
5073
98931
848
91
293
2215
37157
964
459
998
3
352
6558
67
86636
5977
3
6529
5
4
3
2530
7
38882
36770
41
10430
295
98
5966
2241
89051
26
955
48
45
40890
1416
3752
437
40500
4688
76796
776
3
7
3
7394
620
58723
1728
9422
79126
6
8
66
9319
21
90
5
4778
74634
3
670
3764
504
29977
99
6
965
7631
694
3
74230
270
92
4
5
439
441
35172
709
8773
2194
18148
6
409
700
70
7
8
478
256
301
64991
46226
47256
5557
1289
986
369
27307
75471
6130
479
7830
28513
65
1
9
6
61
8
29486
3542
58
36494
43
6
729
49
7
91713
2
3742
6873
6
95769
4015
17
15620
51359
9
839
726
412
46
98
95400
482
8424
8
19588
22661
1
914
999
88178
529
6
6951
4
798
8
1932
4797
763
46267
6236
3
914
13818
7813
2538
80057
48
19
977
2
606
8246
308
2995
8
5
658
36479
595
4222
23
24
80915
793
7
56
72916
8
974
2
7663
9439
81481
8217
8484
68
3
81890
5
80
253
651
14
24474
4803
20304
3094
3578
821
70
6425
56955
11
4
83394
230
599
44405
56
335
773
5
31329
52
8518
6
9
14479
6197
86
2799
4205
5
7
6238
71
981
6
425
75
98315
31364
66664
39
48848
4154
94991
4303
54429
8
65649
1752
11576
1
1016
8124
75
10
12332
652
60
613
3
33152
84681
565
6411
4105
375
876
62331
48
471
14
5
171
79
4
1808
637
2
8067
6
1081
88799
7170
913
44288
460
1989
3
3
43775
335
1
3
31
41
5
69897
371
67
698
9
671
54933
4911
2
1469
20555
55500
3
7
55
5577
81176
927
701
69
3263
98
3
4838
6114
9740
9748
6767
5064
31
3041
6
9
5
80366
14745
5
98
107
9293
8
880
3
14298
575
94
49
40335
1076
83
89
5
18344
8
9
760
29220
76110
34
526
49059
67
41
794
11
7
328
3116
1069
917
69385
9
52658
680
2827
8830
7
256
5228
7373
23
7
29840
9
8082
126
47316
66669
9374
773
10
20
99545
780
786
146
32
8926
47
1
93254
3
766
264
873
7152
828
5947
91675
94510
91325
9
46
8294
2
28
507
37
2
4
4238
1933
54327
367
64878
657
56505
990
3314
70
69712
79
50912
582
48
66303
5598
11
741
57
91090
20
40916
131
160
293
50756
53
410
5879
88
60
2
7150
8347
45761
19060
25
84573
238
411
40962
49
44293
8572
5
10910
37
2
8580
91
72537
70565
2945
418
3
837
4
4
26312
990
5
9365
9
907
19
985
82351
13
499
40232
38
6696
7
80808
441
6
89419
35090
2
2
837
57708
151
80
43
35302
4992
74690
6
18188
37
5
18957
70929
454
395
3
642
2383
75
36428
27995
3230
11583
8
88972
55460
2254
3
3112
822
1
656
7
49827
6
1261
9397
39
36
50
65399
33
83
973
53014
9
6157
7
7
82
460
5
6467
340
90562
7396
9
2637
54
84470
6833
77
54710
6
4802
327
758
816
20
527
47
1001
3814
96239
98
5316
404
80567
38744
4420
4
15696
1
2548
66
8020
69780
22
323
7
3
2968
87
2
39
46
1
55
39
440
42753
4
964
196
19
1
201
4958
12
65270
2
70048
39
9865
8417
216
433
40168
17
4
13892
272
794
34
72
15
408
81
8
9
56
821
1
20
66739
1971
2
73
3
2718
8098
41
5658
1442
99
6
948
34121
6
419
78
209
113
351
2866
6
8
71387
13
895
6314
4
2447
5181
2
4
3698
6
40194
54
137
181
9
2
6769
709
9
98
2
4
54
7701
41319
474
4711
634
593
51401
8
6
42
5
59
4655
8195
7645
393
80
63766
1228
14
6059
8
724
2
33742
3
230
4
4
91186
4
86169
16359
85736
64554
5640
65
49
6
475
84
37
612
4
34
53
40465
9992
5263
356
418
81
9
59
2
249
3599
4
34519
16256
48
7
7046
420
9
3
77
76814
8825
93539
8025
777
66699
90183
61
5668
17668
9397
11382
15279
47
65005
24
1
3
22
71013
692
908
72
9770
7918
2635
6794
7
61
21932
6
20
85180
98
16999
98707
40696
36
448
2
91
74
246
690
5
637
305
4
157
1328
495
7983
63180
68072
61938
4298
16
5
8
555
800
23914
53
654
319
153
70
77
206
9184
9067
8
9
4
72
51733
5208
77405
834
9039
8666
452
4
4
28655
7
29
1295
9364
66078
57
8
73
88
597
266
35
3593
2
3
18085
667
7
8359
54743
814
973
4825
917
93036
91
40646
8099
7094
937
141
777
39976
2
68284
23853
71
999
4906
62
66
365
6
62
31791
78
8230
729
86
3
27501
2
7993
3
2518
109
4
774
7410
7728
375
7107
554
76043
97265
64
5427
1553
1027
7925
21
8
38
73
7796
9325
48463
549
6
3278
70133
27
5424
3
510
9
507
1
2
189
3
323
83
7290
791
1503
326
70
446
11130
8
19025
4
1
51751
94
54
53029
6715
8555
4
2126
460
861
1814
8
2331
6142
47924
3409
620
718
702
7
8089
279
339
407
684
5365
7603
383
48821
82901
7
60880
7259
55488
768
987
16042
4124
50489
93
917
542
469
4799
9694
5
23029
66307
32
13391
9010
6110
195
31682
81289
935
7
3
53
700
81
73
5444
969
861
45215
74313
166
44213
96224
685
83
37883
8
35276
8
4
70
766
432
1296
66
877
223
1845
9
65
544
97071
27200
436
79773
5
5477
49
5367
8853
54
21
2342
3466
48
69449
3965
60
6843
4
725
6005
5
617
92
8473
10
98330
2
92
8
8
60
287
66
6
4929
601
5
77942
7688
89
2
1
6385
785
9
78
7127
6
39883
15
3
670
753
937
24479
8159
9402
8
5106
6
58730
20262
787
227
29
245
19
5
40467
386
41
2529
497
5
84360
15
283
1008
88226
19
501
7806
56374
47220
6
1619
3
17935
7207
849
76670
33
4262
8298
93686
787
96692
3871
17690
89
75031
117
34516
1189
60264
21562
5070
6757
45
7
208
67
9493
2849
756
107
1
4273
7
5122
59
76292
5902
77000
14
284
519
60
1
2196
31
79
1
7
746
34
61
42
7
6
55621
1
2
7
587
4542
658
7489
8
306
68621
36860
7
5250
6784
4
45131
76699
42
6
368
32263
70944
7610
400
2
4
64478
75615
5
81387
537
74
82
7
59
8007
79
919
539
91093
892
78
730
2794
1
93
9200
8156
3836
273
25
4600
95156
1398
182
4
5
13406
72
985
6
3
84936
40275
35889
985
8844
8680
1338
7310
4
83322
74
4
837
78570
9
98
456
4
6
7761
174
9
82396
544
5664
1
19248
848
48270
4720
20986
6621
80
15591
53
930
8
6
684
8
21475
2
78
339
18114
49
2
708
59
594
94172
35
3977
14
9
820
6
13
6
80
12576
94
64
85
7
63083
973
43834
9495
56921
355
3
96746
2
11875
53
69
50
34
69
41
1786
90959
9
4
4
80
4
1
51
712
33364
81358
83642
98516
9
9
724
16634
1524
66708
1
4030
61
9661
7
18
25583
2
1236
3864
36056
9485
59634
2
63
710
91
41
7420
810
4760
466
76699
51349
9
183
65280
44
3239
2
382
94
7864
7840
93
2
7976
1360
60
74533
4
1
855
9358
17772
406
4086
38710
89410
513
85161
654
39
79929
44
40293
4
41
45531
7
44
6307
674
6476
2412
5
6873
230
5
950
54
46479
299
19
423
7
4815
51
5067
6946
8689
734
9659
20552
308
4
949
45
68475
7
798
52928
86232
5419
8
49112
7301
6
137
8391
45
9
8
33
93851
4
278
6
6
3
1629
9436
53
6600
8
93359
56
77
2951
8626
87
8
56
5
91410
2
6
94935
84
75
66948
1382
83
524
305
85
3039
1
4
938
21114
3
862
9
50
489
2
2346
314
70337
62
23
44558
63
148
68215
23
5439
469
94157
4580
6855
8
7
6237
608
20
440
68884
15762
2
2127
98281
38
1601
77
68257
721
30370
9363
73453
30
55278
79774
94793
97
294
513
8399
5
62
2275
607
74
5
7
8745
831
6
2
57824
2859
97837
34
3
641
8363
5643
8445
30189
1492
5
82909
14
5
49
823
135
21
5786
65
94515
875
3
719
4467
73294
50
3276
96294
59413
1
11508
40931
433
60
69320
397
70629
210
4
1701
410
96
5
3
283
66
60
15
1166
1863
764
92
3534
3
85
667
257
70356
7
31070
31635
232
9312
6
100
767
6
67483
855
5076
90
8311
918
2070
41735
1153
16
313
85414
9
4
874
76794
50667
22095
6
735
2656
585
6454
96
53
7
302
23
646
364
2
218
36
73
7534
2
641
5086
95621
65
37866
3
99246
76
4899
54125
246
84
5
369
1338
5
1
1
109
559
1
64
2
3
695
9
91
1161
57543
361
8
73
7
562
68
71848
51
74798
6736
95
3435
2
510
25
529
61187
28206
321
502
340
56
8996
2066
4
64
537
448
3
5232
18
6
48777
73035
3843
732
37
6011
47
8
56433
642
32347
24821
41
6
41
1
92870
3063
27
7442
27
52413
6118
63
58
92486
8
829
73
4229
96124
7454
41
58
3595
5150
460
19330
6
50
95843
2
3
109
21
33
6169
894
74
3
81
5
94047
3902
9373
36078
1117
47133
1337
74372
39975
4966
49158
2177
48
65151
91411
26479
18134
91
91
7706
83
321
42
2865
89
27
27891
327
5
505
496
78
674
7
2062
3
3577
8
2
289
6
386
87963
8
9
85574
91155
6
8508
4
464
51286
8619
54
24695
664
7
134
63
3
2196
593
61574
28
92
15
9
377
31295
562
398
358
989
68
5
589
1545
44654
626
952
2146
44977
77
79912
3
4
80
564
1
6426
9932
63
1170
61
214
120
98892
991
61239
99
1
388
7
33
52002
6
24828
13293
9395
9
304
4
147
1687
2009
80
248
585
535
4762
31
53576
7
6343
6932
1227
1547
3
10266
984
5
520
520
83
3133
2
16
6055
4396
2
9
61
4
13135
4
25773
47
49
5
2622
92
210
74
47
628
27179
4
7
23125
76
51
1
30
7497
2
40624
3
998
431
3
8
13
84603
130
774
10
3621
24625
78
9
32383
62
1
4089
66
61682
5890
4
31
4
26123
8
583
404
5640
365
2024
6
370
40294
9
82
956
6
4191
762
53
75165
88
70935
940
96
9933
71
173
84207
16
2
69
572
60
41
24
61478
21
22
204
482
7255
18
2359
1
40
4
4631
158
9034
95981
67
3574
995
73
475
8
84
7
8527
301
49033
95191
35769
909
51
4594
6366
7
75626
77976
316
6273
5105
50
36
95659
337
5703
1
67
829
980
784
19
9266
94836
2297
513
3406
618
37
5
38651
3
6
3
7
78726
76
13
2
3299
5123
685
7876
9923
36
4
319
1716
94
719
5336
47011
651
853
6
279
61490
4
8199
1696
4
96
47
54
5
703
10
32
5
26
5734
8
98
79510
73038
703
135
33533
940
4
388
8
440
8782
3
40
40625
1
2416
55
18
38105
96447
96970
9313
2218
340
7
71139
3047
8
1889
13844
92351
855
3489
61
11
30
63
59110
8
45520
43642
907
39062
2139
30
81078
8892
636
67
118
781
5
477
334
2
6
241
42552
16
322
68
8981
914
3916
69240
8337
68298
1731
98
2270
760
305
3
9321
4
581
49127
12
73681
45
254
144
88547
757
801
374
20
54
67477
85
98
1045
34
9504
93760
53
75965
90090
11747
6
9
418
4
16832
52821
5
85
542
576
83
93
801
88
57964
91054
6
23950
21000
2
64388
215
8
24057
141
565
650
80139
8373
9
4
836
1834
85326
9
452
94
4
8715
762
3802
9
43257
193
8600
888
96085
57684
530
58
2
2
80017
839
2664
831
55338
85
20
28
9
79
8751
80
97461
6
30086
35845
258
2115
459
1873
29574
775
9779
8837
8027
202
81118
7268
92318
7100
221
2
4
39177
7
36138
185
54
5
573
9382
8
9
2792
265
47509
6
734
59
7101
5755
9
8
907
6287
37095
5
390
446
43
9236
631
780
733
1
3
8389
1
64615
2016
327
1154
9
1
20
32
5930
6639
848
47672
3
91215
77795
6746
1
987
2449
5693
44391
723
8
5264
75656
67440
57262
15
79
56991
6726
7
16
64752
84
8863
143
2498
9972
93
7964
510
83
1
9255
854
567
3475
48
1
7676
6
16039
54793
6260
1
754
58642
5573
6
66
80416
87
18374
2261
18
700
9
1372
16033
30
4
464
75
440
71
4
59051
92861
83
860
822
9258
2
8
19283
60103
15449
1642
595
113
18
6
2301
2
13233
12422
3321
68
746
31
47952
49280
5294
946
8073
5049
1
71107
40585
71
8942
39512
7323
94
812
845
1
46
85859
746
3193
47878
14520
3673
53528
97502
83
8
6
921
64
3799
8852
61810
52477
3
2079
8
690
8399
9086
31704
4054
243
4
24959
7
25448
9679
4
2985
58491
6
64
21082
40109
6
50
419
3
16
678
5029
59
1
29879
93905
914
51
74
1
6
91396
2
7
36972
848
3
9786
1512
87301
9
196
9608
1415
97708
8
356
3
898
75
42996
79
2777
267
14
70
781
5
825
8424
85960
1
44549
8915
19126
88
80
83
89
5983
12974
707
4478
960
59
74
3
40
7
3793
26
11245
507
2113
5034
30360
387
11
49
74
81896
7176
5422
5962
86252
75838
8
99110
92693
152
8
9616
957
1144
553
53
8295
2
4545
8
9
99
6498
86
8940
52
19
28432
5
4347
3321
807
1848
79
4
59648
4218
5293
69
9
2813
7286
178
16
5500
1
32
17566
301
48
72
46358
139
98
642
48353
16
3141
153
18
2
70
7
42
028
435
609
4
32915
6386
32005
391
7115
736
473
33
17
2977
9
3021
69109
510
40743
070
74444
23
276
3
14
29662
93362
27275
57882
9569
64829
744
36968
68033
2
484
5
3
4
81267
37
2977
2355
37538
74161
24398
2353
9
93119
7
57113
7
62
7
1844
71257
678
737
69386
21
6259
4
10
7250
24722
1
4
75
34
3206
643
1023
5
92294
61
37796
8176
57031
8405
58986
8640
828
2560
47
8
90
571
31
800
28984
853
62
8093
5
64
5651171
77628
4618
368
299
37407
1
259
259
25
53840
3481
546
93319
3045
31
52
71
9
9
56
762858
680
3418
25
320
48121
37
5029
90841
59
6994
72
41
225
2190
90
56
50396
2981
5240
28
4
99949
2427
80999
11
85
245
39
4301
8266
7
22
94
71196
6
20671
8
855
8719
10951
50
4421
2066
48999
85
218
63
1
7458
35
83
443
57
68196
536
896
1
505
3
88
46894
4223
248
40
858
399
238
38487
446
70044
3
14963
42
6
2
31637
171
521
19434
62
78
9
4384
736
8
21389
31374
35667
988
25
471
40771
446
55441
868
8
1820
35
5796
95
29
3
816
9652
694
86114
24
455
30949
9
84
5820
153
14872
4441
62
1
124
6715
264
31
79
138
97211
8207
47966
694
5
414
36447
398
72309
17343
4
4
64072
62
71991
766
5
57902
3
58
5570
5735
25749
9338
3
8409
8
482
1
9
6919
138
302
358
8442
309
889
16650
3467
742
19258
94780
955
82234
38
63
3936
4
30609
6948
5
77
6851
552
15179
80229
1021
979
6782
788
9
45135
6019
356
52484
4211
8
6
5519
1
5
88
622
88715
803
6
492
12801
55760
37925
80403
43
8427
107
4
21472
7
1254
69
48
1
79
6764
7589
54584
138
30
3
1142
9
4625
25
404
5
82488
71166
77377
24
553
403
64010
38
684
1
15986
32444
89620
74159
26
626
7638
32
1
96582
3
584
5
6592
9
70
67227
4
957
99
40526
51175
12
207
701
149
94475
14717
9
7
76623
2
85386
597
9
2619
39066
21595
3
320
20304
3
52814
71
3
16420
45
1175
1
31485
712
31
87
70706
139
868
4567
80
1590
94781
8
29
76608
94006
5255
99
60
577
680
3981
4
8752
620
2400
3103
815
68
332
79603
375
59149
1447
81808
6090
398
757
80
99
70
550
780
528
57962
3055
8213
18219
168
6742
3
721
25
7
92
224
26
87
8
76575
254
4
5
8
733
27426
47
620
94750
77
76548
60751
2652
28
17
98963
6
68111
242
9
1
28765
29499
6831
3448
5959
1
8551
5295
1
8
160
1
49439
5
80
64719
67528
45
14223
67718
45
47
64583
838
28157
15907
669
9
6353
20
363
60
81690
83
1017
85490
204
127
243
797
63028
31
97
99
65
2
741
2298
1485
63
8614
431
64
82
665
149
18547
52154
95
64
6
9025
444
606
640
21229
9241
72771
2918
97
1
29455
344
4
81
69
7
93599
5801
38
3
4593
69
2
93974
8
259
3
20
4
897
5787
8565
67581
27
4
89
55377
73194
801
957
29
8
3011
28422
1
3
5755
455
2999
711
529
60669
422
9
73
89
2
6264
209
9486
546
65
128
4119
153
89001
8358
61
6498
14
74
17
1
42
7316
5760
5652
5
70
354
39960
42366
27
7053
8
3330
722
439
7352
8274
7
95267
39905
5
2
53
797
20092
2383
5
875
51596
195
84
6
29
2008
62
66934
7
17
252
8395
4686
67
4663
573
60707
98
9
5
4230
62788
78
58
72
981
48252
938
54
79402
36025
5
5
48047
2595
6462
3624
6
164
92901
1
205
76
3423
1
6611
56
41725
3501
5336
6
92160
8337
225
980
6
7335
30
31693
5
5
4
8
366
32
30487
74254
4143
64417
429
90733
1
859
98243
60
1
52376
62
12
73
9031
53
36
51452
4
67
49
36395
389
718
2
262
5
54146
38
57
27
685
5466
5
27
11
4
64
2
26204
4
55947
6
86870
657
895
66096
6869
36585
6647
21826
2
4282
75572
45000
5719
861
978
212
401
7
52717
3
4792
81774
98
65719
924
68
30
3424
5
188
64036
26135
14
9
7
3873
444
14960
36152
1182
8
25
4
60
891
8
33
49021
1333
7263
9367
913
89247
319
8
55507
48568
7
90
94
89
6582
7
495
7
3
7802
1994
6751
4591
73622
89155
6546
934
21
13229
54498
9940
2587
7619
1
9184
37
3
99
91
35385
4
78258
8
11292
5310
739
85
579
9751
2
94295
79050
2772
657
837
5790
49
15501
8580
7
78
7267
30870
73599
8
275
63608
923
8
3807
5211
97824
60764
3
8
5082
189
7
230
4
4244
111
53
208
2
20058
79
40556
5
5
384
9
7
28
25928
5698
5886
50671
746
53834
78
34304
5
1
324
104
413
9
7585
44
8979
3
214
6
239
28
77
81
3837
1300
5
46
24238
278
134
70
77
38
295
812
3439
15
51155
270
814
68764
8374
51258
91
97708
4
77643
354
60275
9
161
73
7
5
26070
555
3
448
54394
9
2
72009
852
70800
6405
294
26327
595
5
43
23
13287
5
549
73692
566
244
41
76054
6991
57929
255
44
8575
6167
81
3
1685
34
369
99147
871
111
83
5430
61719
46977
247
317
5017
10
9
41
76
9703
84
80181
75002
3623
9230
72770
9969
10984
2
9
8
16
5
65
919
26170
319
7539
76
9275
8595
285
7
65936
2
592
6876
687
20
94319
1121
75291
175
6861
249
7043
69523
8
57
11064
23319
97
99
65490
43
127
9644
82761
1
3848
32
393
9552
75040
8
7116
3
7
7343
44259
2
661
79579
144
2122
5
2270
63
77
48272
833
23863
54548
40
4
435
48
5
71424
12
4
44
63143
80873
1
269
68
169
92
8573
5
49
4
6238
77783
34
57
76115
5439
91
8
7151
26434
691
5
1
150
3816
85385
31898
6
1
73
69655
121
3
98699
1968
99
6
88680
461
2709
319
84
45
509
9938
2105
94
764
2361
860
2489
6758
4
7
495
43558
3
17772
12
780
6
2912
55957
58154
404
10
33135
48578
29
486
2
3657
202
3909
6314
9865
6790
21
4985
16
7
318
1
3
466
4637
79
62
83
6981
92953
497
9
6746
37507
4
3805
8
45884
5
20
4
1
894
1190
136
73910
24
6
79
8
9149
23457
87411
70585
13
67775
14667
631
33510
9062
4491
2
400
305
8574
19370
1
9
11269
54042
14
74726
2728
368
42092
7
3804
89896
49
5280
14498
6
818
6
17
11688
98902
4868
5
277
7515
40
736
81
48
11838
93
810
334
60524
1
20
5
3
1
93
9635
76968
47
782
624
5
4712
681
14
1554
90
63
29736
60
85
2
60
71223
32567
871
245
600
2378
9999
3646
6
436
332
816
9
1119
34
1756
48
717
444
8
34
9420
19
2
64
61278
89
62992
50
2705
1299
2
8417
470
3
11391
154
449
324
14
98
8935
94
3819
116
4
6
48
3
569
68
3809
8281
78
4008
792
9
30476
9
82109
703
37
55
322
571
401
2929
517
3559
523
13715
98327
9
505
5
8
9
782
657
95261
65
247
8563
5486
5874
9486
86827
257
52
2830
887
7
427
44
10
65
741
240
542
75
73
1355
744
953
94122
93038
4932
78
5
6
8701
4812
57
34902
50
203
12
52
8
8156
98889
7289
57
4
8
2996
972
94
2
554
4520
8372
585
351
2920
5233
596
1
37918
337
2
69
95
5877
4047
9
6
7
264
6
3
799
3058
96626
28908
6562
80801
1
143
9
318
32
9856
671
60
156
4
82479
5
429
746
74713
191
32261
670
27958
33455
5416259
617263
4
5
53742
8345
9
32518
4
23432
94513
69647
8
4863
68
4582
694
33
9
447
5443
45432
346
402
7
803
13292
396502
46129
433629
95798
13
93272
78
1462
2998
86
79351
7
24
7
4600
33375
244
5162
95771
3
372
69202
453734
17
4
3
3
339
82
64104
680
1
349
76403
783
69
2323
53
230
4565
452
7274
14435
1277
4379
515
62283
59
5699
5
39
7
61944
717352
460
73589
43
8843
8716
869
903
17097
91169
2337
3962
81
253
7960
69
701
749
13888
16
3232
11
8333
8653
41303
60
2
1856
3
796
65258
672
7909
43891
8
67
349
859337
46
38
4
4686
32509
43
82294
56
64891
75
7681202
46692
519
587
46578
9
5621
20200
80
7
5
29194
45675
3253
17
50
880
340
35
6530
320
3373
56111
9
934
62
42871
4922
48
2
26
4495
56876
1
3
32046
94085
516629
918
8
7976
6849
654744
6400
36
79
3
5502
653962
40532
855
5
8394
75607
4726
385
91
516
64
418643
6964
52
5491
650033
80358
4401
47
46958
35
57478
66416
26
4
43942
9
15
777574
68888
2
6
7
41658
72
4825
28
47
374
7
104
422
68
5
496833
5797
26
7913
37
667
75
51232
4201
41088
1
788
450
12
2
55216
118
318407
4641
834
105
682268
167
42
35
7150
4
857
659317
4
85153
9048
4855
67132
92
489
319
418
7140
28
5753
395
5
33399
66
99288
33
14916
750287
27528
79
6788
12647
4
865
7
510
72
58
5689539
85620
768477
671
1730
65067
9190
9580
3610
8120
45
23
45
1258
4032
4914
89
67804
2
6
1
8910
87158
5716
1169
768
3892
543
43
57650
37
19003
8
38169
95
63334
821
733
14
9
43
66
55
75
45989
34881
492
4
58
179
83
1905
5524
10
91131
67
7611
99669
2889
80
6300
7
2790
52
654
68641
36
48248
2385
7588
9
931
210
467
2262
56
1478
30766
64329
3
40
944
5
84
6761
2150
179863
5
895
458
81598
391
7
87
303
139
70945
441
8002
9533
82883
64
44
8203
19
260
802
23596
2760
81
13474
69
6
3
337
96831
14
718
2561
57
7
1771
608
9
75696
18330
774
5
718
4
4642
2690
704
252
977
3
9
2929
921
37
60
8068
53
97
95261
156
36
297
517
5
898
121
7846
43361
4
7
53
47
72686
18
1
9
27
4409
50878
8
6204
233
72
138
8
789
864
452
657
2299
3709
48754
569
8
556
593
74439
402
59383
56
364
5644
734
9
7
70564
44
79014
556
741
4030
107
1106
242
1182
632
670
2496
902
9
83069
2787
6490
61
935
39752
6834
67572
209
9
924
6
37571
90
77
104
91
23
4032
292
40318
907
8896
69
110
284
58
29546
442
655
48
46206
520
67
43207
5
50
65933
6344
7
2245
17
7135
369
66953
7850
40082
7
2657
42332
1
1
2967
1
1
50
935
3
60
8
598
86
599
385
3
259
7947
8
21097
81
87
42
13
1764
38886
89090
5
9
69051
7
168
69
3
3
41395
3025
6207
93
3775
3
11
22
43
46962
275
26120
857
98792
1
1127
81
103
55874
1
72435
66831
82588
4
5952
89601
8
2
4
61
2
1
3932
4587
6
704
36934
6
6
1
486
88269
97
77
91
10248
547
9
787
81352
46437
650
20334
3
52341
5
3399
9
38
99515
2
9
12651
17655
44
2
4
377
5
46095
751
777
19125
4
63
56
1876
3090
947
4
95893
395
1
4
818
68
2
8
3239
60829
508
888
38
4224
9
621
2
3
72046
4
465
20086
80
64952
4860
31
78901
99
68900
18967
34
9589
968
7251
554
17
83
5
13
84539
81
4
600
14
207
8070
5
22955
55954
583
681
94402
93
788
38
7
8
6
988
617
4
971
6082
89
751
96
3
5479
344
4655
4344
469
37
3093
70
47468
22376
17015
17230
5
88778
34
7
891
53
2
52
236
109
8655
40847
408
1189
98669
80
5651
7441
889
147
8
41
7
6
1
2995
60210
1
31027
9
92550
541
57
8396
8
75970
5218
7265
5
15948
56837
5616
25795
1746
330
9
264
12
8
581
7
7928
738
2077
621
1
23383
44388
77
22
49
4593
44
46990
3440
3486
2
57330
1332
2765
237
49
873
7199
49445
7
2791
3
55010
604
68349
2501
1
68
12297
4
6690
264
1
7
62782
78
37515
95015
41
9
7990
851
65
23
4544
2553
16
159
37
41133
25
795
7
4902
8227
677
93291
912
72
85
1
77110
7392
92052
56233
939
38522
1
37903
77
3305
80868
5063
76
93088
23
2490
3510
79524
1
21
791
43247
81
56379
2680
90
8
5907
87715
1
9942
7849
908
32698
59734
85246
50361
258
57
649
5003
42365
5
7
656
146
6
14166
71
35408
7
41275
21
629
3
7943
4
4160
992
1915
13
47
2290
408
570
48244
9